560201	1500966.0
560402	1384389.0
715001	682241.0
500201	621953.0
110217	573527.0
530110	349480.0
100205	343145.0
100401	337589.0
130204	310324.0
530101	305997.0
520457	297325.0
320402	287478.0
470105	270722.0
470103	256274.0
500210	255998.0
130206	254821.0
110401	250025.0
530114	226922.0
530105	220149.0
120103	199302.0
530403	198740.0
100201	191289.0
500804	180472.0
100102	168914.0
530404	166515.0
560204	161341.0
110411	154591.0
110507	152829.0
100516	152232.0
100403	149275.0
100507	146194.0
530408	142565.0
100414	137214.0
500202	135250.0
100505	134894.0
120101	132779.0
470106	132666.0
130315	132306.0
100312	126892.0
110109	121294.0
100504	117127.0
110117	116420.0
470102	115150.0
320501	114462.0
500203	114205.0
560401	107735.0
100508	106797.0
100601	106226.0
560102	103685.0
530209	103427.0
100510	99238.0
530103	98204.0
130401	97351.0
530301	95712.0
110136	95442.0
100413	95373.0
520452	92640.0
130205	91879.0
100407	91180.0
730312	90372.0
530104	90124.0
100311	88321.0
530406	87652.0
120203	87466.0
110506	86782.0
560403	86341.0
100301	85619.0
470207	84658.0
530116	84479.0
470101	81695.0
110114	80420.0
712902	80407.0
560405	78541.0
100503	77130.0
300709	75851.0
120104	75633.0
110108	75218.0
110112	73708.0
110137	73686.0
760135	73512.0
730719	73114.0
120105	71955.0
500301	71499.0
712102	71470.0
100511	70824.0
500903	70158.0
590301	69474.0
530205	69418.0
710301	69086.0
730804	68995.0
712901	68714.0
110402	68337.0
100431	67801.0
500705	67075.0
470202	65031.0
731302	64542.0
500307	64130.0
100515	63182.0
120107	62135.0
730716	62008.0
110106	61551.0
130106	60665.0
100303	60420.0
100323	59877.0
100217	59632.0
100310	58494.0
760920	58416.0
100106	57255.0
740105	56841.0
110502	56226.0
110119	55836.0
730704	55394.0
715002	55061.0
760593	54599.0
530405	54557.0
100418	54553.0
100210	54229.0
110404	54134.0
130110	53063.0
530111	51892.0
110505	51730.0
300422	51510.0
320201	50323.0
100443	49747.0
100208	49559.0
470205	49234.0
130201	48754.0
530302	48605.0
100436	48209.0
100314	48052.0
760402	47888.0
110110	47564.0
110105	47302.0
100517	47186.0
720122	46222.0
500102	46189.0
120108	46188.0
501002	45895.0
110406	45828.0
100416	45502.0
110508	44891.0
130101	44598.0
320104	44278.0
320403	44122.0
100509	44062.0
730603	43942.0
300712	43724.0
100513	43624.0
100202	43555.0
110103	43206.0
560117	42885.0
110603	42337.0
100319	42162.0
300424	41762.0
110504	41645.0
500208	41113.0
110107	41079.0
560336	41075.0
100212	41053.0
100402	40843.0
110305	40341.0
100304	40073.0
500501	39873.0
100110	39796.0
500207	39416.0
100101	37883.0
300301	37779.0
500311	37761.0
100218	37672.0
530401	37662.0
100405	37480.0
100204	37165.0
714601	36982.0
500604	36949.0
530601	36867.0
110201	36415.0
130102	36333.0
120115	36230.0
760132	35929.0
120106	35901.0
100108	35227.0
470109	35011.0
730708	35004.0
520473	34975.0
320202	34883.0
530112	34690.0
100308	34330.0
711310	34304.0
501001	34145.0
520425	33969.0
100306	33910.0
100305	33749.0
730802	33562.0
100213	33389.0
100215	33341.0
110403	33240.0
110407	33148.0
110118	33095.0
120112	32343.0
500302	32156.0
712701	31761.0
130308	31337.0
520437	30758.0
470203	30251.0
100103	30124.0
100406	29749.0
100419	29597.0
500206	28979.0
130305	28765.0
530505	28754.0
760574	28752.0
321301	28604.0
120110	28536.0
100440	28465.0
760101	28361.0
130402	28145.0
720507	28135.0
300703	28115.0
560107	27973.0
715609	27573.0
100307	27368.0
530220	27349.0
110405	26993.0
711201	26958.0
100438	26568.0
110332	26505.0
110509	26365.0
320507	26312.0
110410	26261.0
520328	26194.0
730303	25864.0
520472	25642.0
500303	25633.0
300702	25594.0
120109	25556.0
530204	25126.0
760577	25098.0
570102	25091.0
750506	25084.0
750106	24571.0
510539	24427.0
300704	23757.0
130208	23468.0
110518	23090.0
570103	22893.0
470206	22672.0
740807	22665.0
510103	22646.0
560104	22379.0
530108	22249.0
470110	22188.0
530501	21992.0
760163	21962.0
760226	21809.0
110517	21796.0
520133	21780.0
100104	21729.0
530212	21655.0
110102	21627.0
300604	21515.0
560334	21482.0
100209	21450.0
760518	21419.0
720303	21352.0
110115	21047.0
530202	21002.0
130302	20661.0
530215	20439.0
710705	20429.0
710604	20328.0
720402	20202.0
711801	20170.0
530412	20128.0
100325	20118.0
110138	19745.0
540209	19672.0
760917	19658.0
500901	19568.0
751101	19521.0
130203	19503.0
520433	19336.0
120302	19278.0
712501	19230.0
750101	19076.0
530206	18950.0
100514	18929.0
130404	18903.0
560103	18894.0
720502	18845.0
110131	18820.0
300423	18798.0
120204	18771.0
560341	18734.0
130313	18717.0
500601	18646.0
730801	18596.0
590516	18480.0
730503	18425.0
100408	18382.0
100113	18371.0
710901	18360.0
760561	18315.0
590515	18315.0
500212	18312.0
100608	18156.0
500803	18143.0
530119	18026.0
712503	18012.0
500806	17863.0
520443	17780.0
731301	17696.0
130111	17575.0
730705	17465.0
711501	17432.0
530407	17431.0
520144	17385.0
760576	17329.0
510411	17278.0
780510	17226.0
110515	16772.0
470210	16760.0
530207	16722.0
530211	16607.0
110202	16564.0
500305	16425.0
520469	16330.0
530125	16211.0
500205	16195.0
760553	16161.0
130304	15934.0
320509	15855.0
560109	15740.0
100605	15590.0
100432	15560.0
100203	15557.0
501105	15545.0
530222	15499.0
760523	15489.0
130109	15382.0
560517	15352.0
320108	15324.0
321303	15222.0
300716	15216.0
300801	15186.0
100216	15029.0
110122	15013.0
713102	14986.0
760583	14964.0
320404	14962.0
100109	14935.0
100610	14859.0
500319	14693.0
710502	14653.0
470402	14630.0
320203	14567.0
110511	14565.0
470107	14438.0
110513	14431.0
100111	14405.0
520402	14381.0
510201	14379.0
720135	14353.0
510525	14235.0
730703	14165.0
730715	13981.0
130309	13952.0
760909	13945.0
110604	13943.0
760164	13920.0
110501	13901.0
520508	13817.0
100439	13745.0
510412	13689.0
500805	13621.0
110121	13615.0
530502	13609.0
760103	13604.0
500209	13500.0
320107	13489.0
110116	13489.0
100206	13433.0
110133	13415.0
500535	13414.0
570301	13356.0
760151	13258.0
130316	13242.0
130103	13204.0
130306	13077.0
560406	13048.0
100309	13002.0
720504	12987.0
570404	12931.0
500807	12864.0
760915	12756.0
720501	12721.0
500709	12712.0
730702	12640.0
731201	12619.0
300701	12548.0
730718	12497.0
751206	12399.0
520102	12271.0
320503	12223.0
100112	12184.0
712201	12179.0
760183	12106.0
760656	12059.0
760205	12048.0
530109	11933.0
540210	11926.0
711502	11920.0
760203	11903.0
750202	11883.0
510110	11874.0
711321	11850.0
570206	11819.0
100302	11777.0
760201	11709.0
100422	11665.0
560335	11657.0
510428	11617.0
530602	11603.0
560106	11579.0
470404	11557.0
110409	11514.0
321302	11508.0
560322	11492.0
500509	11458.0
530504	11368.0
320407	11323.0
570310	11299.0
520424	11178.0
120305	11134.0
510105	11133.0
100427	11122.0
570401	10866.0
500105	10711.0
501125	10711.0
300711	10622.0
520126	10560.0
570403	10546.0
100107	10379.0
710801	10360.0
710802	10360.0
100424	10356.0
110510	10337.0
510124	10287.0
760229	10278.0
711601	10206.0
570402	10190.0
540206	10142.0
520510	10092.0
570106	10083.0
740805	10045.0
530117	10029.0
760922	10005.0
780205	9930.0
760504	9878.0
530411	9805.0
760146	9758.0
760554	9645.0
530120	9615.0
110313	9614.0
100614	9540.0
320510	9512.0
760503	9500.0
530603	9450.0
530402	9412.0
120205	9385.0
530126	9345.0
110516	9345.0
300603	9319.0
500101	9279.0
530227	9263.0
110207	9188.0
710902	9180.0
100444	9089.0
470401	9071.0
730301	9059.0
715401	8964.0
760548	8943.0
731202	8901.0
740306	8859.0
560339	8831.0
300307	8796.0
760505	8774.0
590312	8761.0
510401	8708.0
500309	8565.0
570407	8555.0
501005	8544.0
300418	8522.0
760302	8520.0
500608	8498.0
730709	8482.0
470208	8475.0
760702	8456.0
500318	8452.0
100324	8383.0
520503	8324.0
300602	8305.0
760109	8301.0
320206	8300.0
470504	8289.0
760534	8286.0
500542	8269.0
760586	8267.0
100426	8200.0
130108	8175.0
321305	8136.0
510101	8104.0
520448	8099.0
751202	8099.0
320308	7994.0
780504	7946.0
760549	7943.0
530201	7892.0
714008	7870.0
110208	7864.0
720506	7848.0
100512	7774.0
570212	7757.0
540217	7743.0
130303	7721.0
500538	7688.0
520101	7672.0
760115	7667.0
110113	7634.0
530503	7610.0
100604	7585.0
530208	7581.0
100322	7576.0
760640	7575.0
510402	7575.0
110111	7532.0
320101	7501.0
716101	7488.0
510417	7407.0
520137	7343.0
110605	7293.0
500204	7285.0
300713	7272.0
520401	7254.0
470702	7246.0
110127	7217.0
130207	7194.0
720101	7187.0
712505	7175.0
500802	7166.0
760653	7125.0
760584	7105.0
110218	7096.0
500711	7036.0
760210	7025.0
100211	7022.0
712401	7000.0
560101	6994.0
110308	6980.0
100613	6971.0
300714	6964.0
760524	6963.0
300606	6933.0
760219	6888.0
760904	6768.0
590501	6765.0
780102	6753.0
500407	6751.0
570308	6680.0
500345	6653.0
500531	6638.0
540211	6612.0
710803	6600.0
500313	6592.0
100105	6590.0
130107	6541.0
100207	6540.0
710501	6513.0
120102	6500.0
320205	6471.0
760116	6467.0
590311	6458.0
760230	6443.0
530203	6437.0
760618	6424.0
470201	6413.0
500317	6402.0
520414	6382.0
320401	6315.0
510501	6286.0
110602	6278.0
760912	6276.0
590531	6258.0
501003	6257.0
510302	6255.0
560408	6250.0
760952	6240.0
500707	6228.0
110601	6212.0
321304	6212.0
500304	6187.0
120208	6162.0
720310	6147.0
120202	6142.0
110123	6088.0
570415	6030.0
501102	6027.0
760117	5986.0
130405	5977.0
540215	5974.0
750103	5963.0
760587	5926.0
713101	5917.0
570306	5913.0
300115	5902.0
760209	5900.0
500408	5897.0
500103	5882.0
520446	5870.0
470609	5865.0
760158	5847.0
711409	5841.0
760516	5825.0
130310	5802.0
530106	5798.0
760520	5779.0
760227	5760.0
500564	5724.0
320310	5718.0
510418	5717.0
520464	5704.0
110336	5656.0
730326	5627.0
760506	5622.0
720205	5596.0
731009	5568.0
730122	5530.0
720509	5452.0
540222	5446.0
300614	5414.0
740106	5410.0
760107	5369.0
510108	5361.0
740104	5354.0
760931	5339.0
320304	5335.0
720136	5334.0
560317	5323.0
500332	5322.0
510116	5310.0
520505	5308.0
130307	5294.0
750104	5289.0
760657	5280.0
510113	5218.0
720118	5200.0
780202	5191.0
760535	5187.0
720102	5173.0
300612	5173.0
540203	5163.0
760502	5161.0
760211	5157.0
500544	5111.0
510109	5107.0
710703	5077.0
760140	5067.0
470611	5065.0
730720	5037.0
760235	5024.0
540103	4986.0
300605	4960.0
760301	4939.0
100423	4900.0
501131	4887.0
760526	4882.0
510104	4864.0
760614	4836.0
110334	4829.0
730313	4804.0
715911	4743.0
110120	4741.0
110312	4701.0
750102	4692.0
530102	4680.0
730304	4668.0
510512	4661.0
760645	4656.0
590302	4646.0
760142	4645.0
520314	4617.0
760539	4602.0
320801	4555.0
760634	4544.0
110124	4541.0
520504	4530.0
320704	4529.0
714701	4524.0
500502	4521.0
500554	4521.0
711305	4515.0
570205	4507.0
760221	4496.0
570201	4489.0
320102	4485.0
560309	4484.0
470301	4455.0
720226	4454.0
760936	4448.0
780501	4417.0
110503	4408.0
760517	4364.0
720305	4362.0
300802	4341.0
530107	4304.0
590318	4287.0
590514	4278.0
710605	4255.0
510118	4242.0
540218	4237.0
500419	4212.0
110322	4209.0
540117	4204.0
540101	4194.0
760191	4180.0
560518	4158.0
520201	4141.0
100433	4132.0
100502	4107.0
320406	4100.0
710203	4070.0
320103	4053.0
590522	4043.0
540104	4043.0
540609	4039.0
520231	4036.0
540201	4024.0
730609	3995.0
570107	3985.0
560110	3984.0
740607	3982.0
714101	3981.0
500112	3979.0
560504	3974.0
300101	3962.0
760557	3948.0
320204	3912.0
520119	3897.0
760224	3893.0
760641	3885.0
300504	3881.0
100315	3875.0
570414	3866.0
500402	3857.0
510119	3856.0
760943	3855.0
100602	3852.0
501129	3849.0
560337	3834.0
711902	3807.0
100609	3805.0
300107	3802.0
300707	3781.0
560113	3778.0
300113	3757.0
510527	3751.0
110333	3750.0
500333	3739.0
520501	3729.0
560311	3703.0
760305	3699.0
321101	3663.0
730502	3656.0
760619	3645.0
500403	3645.0
130403	3629.0
570311	3618.0
530123	3614.0
100409	3570.0
560356	3553.0
520470	3531.0
470108	3524.0
530225	3523.0
300408	3521.0
530303	3509.0
500559	3504.0
320502	3419.0
530221	3412.0
540204	3412.0
340101	3410.0
110306	3405.0
500306	3364.0
501107	3364.0
321307	3331.0
713901	3327.0
120301	3298.0
760166	3297.0
300416	3286.0
760706	3283.0
711311	3277.0
780107	3254.0
520442	3244.0
760938	3241.0
510114	3240.0
100421	3233.0
520120	3222.0
530410	3214.0
530219	3200.0
760208	3192.0
100428	3183.0
300102	3178.0
760507	3175.0
300502	3175.0
520113	3154.0
760545	3143.0
713902	3141.0
500503	3140.0
100441	3138.0
731304	3126.0
730114	3126.0
510427	3125.0
500510	3123.0
530213	3122.0
510530	3120.0
570405	3113.0
720225	3099.0
510505	3070.0
560325	3061.0
760564	3060.0
760622	3046.0
130202	3032.0
730901	3032.0
520311	3025.0
100320	3019.0
540112	3014.0
730103	3011.0
500316	3011.0
510524	3010.0
500520	2990.0
320506	2961.0
110126	2951.0
560349	2925.0
520420	2922.0
760170	2921.0
712001	2909.0
760119	2894.0
710302	2890.0
321003	2879.0
500534	2874.0
720131	2872.0
500529	2858.0
711602	2854.0
500325	2854.0
501122	2849.0
714005	2844.0
110408	2836.0
590319	2832.0
300303	2810.0
720313	2799.0
520436	2799.0
540601	2799.0
470602	2782.0
510314	2779.0
760406	2777.0
590305	2767.0
760130	2760.0
500703	2757.0
560329	2755.0
711203	2752.0
760908	2730.0
320309	2730.0
720307	2725.0
760916	2717.0
320804	2710.0
730610	2700.0
780506	2692.0
300611	2690.0
510120	2690.0
470307	2689.0
760218	2688.0
510202	2686.0
560333	2681.0
560404	2674.0
560116	2664.0
500540	2660.0
760214	2639.0
760643	2638.0
560306	2630.0
730150	2615.0
100318	2615.0
760519	2598.0
321308	2591.0
500561	2585.0
731006	2575.0
760935	2573.0
760603	2567.0
520234	2565.0
520122	2562.0
520121	2548.0
760225	2547.0
470501	2540.0
760202	2538.0
500603	2528.0
520410	2526.0
510538	2517.0
760220	2511.0
730104	2510.0
100437	2498.0
510407	2492.0
760228	2489.0
500405	2482.0
500346	2479.0
720214	2476.0
500515	2475.0
711103	2471.0
760707	2468.0
730604	2467.0
712903	2462.0
760948	2462.0
300608	2459.0
720130	2459.0
720515	2449.0
320106	2438.0
740206	2437.0
570417	2436.0
720312	2431.0
780404	2424.0
711304	2420.0
520232	2409.0
520308	2401.0
760556	2399.0
520419	2393.0
760212	2386.0
520210	2385.0
750802	2380.0
110514	2379.0
760601	2375.0
130112	2371.0
780405	2366.0
720210	2366.0
720301	2361.0
760639	2359.0
560357	2357.0
711901	2356.0
100434	2341.0
740304	2339.0
510326	2330.0
510205	2330.0
130314	2329.0
760118	2328.0
540605	2318.0
110412	2312.0
300808	2302.0
500406	2293.0
760105	2291.0
501101	2278.0
730145	2273.0
730302	2267.0
760942	2265.0
780505	2265.0
730608	2261.0
570307	2261.0
540219	2257.0
760131	2251.0
110129	2244.0
760664	2240.0
110204	2233.0
730504	2229.0
711701	2227.0
300428	2223.0
760147	2223.0
520228	2223.0
100415	2220.0
510506	2217.0
520123	2217.0
540110	2208.0
730107	2199.0
760950	2195.0
760659	2186.0
110323	2185.0
300104	2185.0
300708	2185.0
520221	2171.0
520208	2160.0
590204	2144.0
300706	2140.0
520502	2128.0
560307	2125.0
500521	2124.0
760609	2123.0
320408	2115.0
501123	2114.0
560316	2113.0
760901	2113.0
120303	2112.0
500560	2091.0
760112	2091.0
520107	2090.0
570108	2089.0
760120	2083.0
530605	2075.0
720318	2075.0
540617	2071.0
720120	2067.0
110331	2059.0
560358	2058.0
760167	2050.0
500106	2048.0
760927	2040.0
500108	2037.0
540213	2031.0
590211	2026.0
500323	2025.0
100214	2002.0
740803	1999.0
510315	1997.0
720304	1996.0
470211	1993.0
570302	1985.0
520139	1980.0
110311	1970.0
560515	1967.0
520230	1966.0
530228	1966.0
110317	1964.0
540408	1964.0
714102	1950.0
520227	1950.0
760592	1950.0
130105	1949.0
500518	1935.0
520204	1928.0
570304	1921.0
321203	1920.0
500702	1905.0
510415	1901.0
110125	1901.0
500308	1898.0
720104	1897.0
710202	1897.0
590506	1897.0
300807	1883.0
760642	1881.0
500320	1869.0
100430	1865.0
760923	1858.0
760196	1852.0
520203	1848.0
500811	1848.0
520108	1842.0
540115	1841.0
300705	1828.0
760919	1827.0
720410	1806.0
510304	1805.0
560328	1803.0
713001	1790.0
100321	1786.0
760405	1781.0
730714	1774.0
720516	1767.0
730204	1767.0
510329	1767.0
570413	1765.0
760121	1763.0
780104	1751.0
590303	1749.0
720514	1741.0
760675	1740.0
540226	1739.0
510317	1726.0
760932	1723.0
510408	1716.0
501133	1706.0
520206	1703.0
540224	1692.0
570416	1691.0
300201	1678.0
740305	1676.0
100501	1675.0
320411	1672.0
760631	1671.0
760637	1670.0
501103	1664.0
720306	1662.0
570315	1661.0
760148	1659.0
740802	1654.0
730509	1651.0
590521	1643.0
760110	1642.0
300412	1637.0
560330	1637.0
300117	1627.0
300106	1627.0
711302	1626.0
110135	1610.0
590203	1606.0
760111	1601.0
730706	1600.0
570104	1599.0
520205	1597.0
130113	1592.0
530409	1583.0
500418	1574.0
760598	1569.0
760914	1569.0
710601	1568.0
110211	1567.0
750814	1566.0
500905	1565.0
710401	1562.0
760188	1554.0
500514	1550.0
300109	1548.0
720505	1541.0
730125	1535.0
470204	1529.0
740205	1521.0
740204	1517.0
510312	1512.0
590104	1509.0
110203	1494.0
730907	1490.0
711314	1483.0
760541	1482.0
500115	1480.0
560323	1479.0
110307	1476.0
300601	1470.0
560409	1470.0
760538	1469.0
560350	1466.0
520302	1460.0
720314	1453.0
730113	1453.0
760540	1451.0
321102	1441.0
500322	1431.0
760716	1431.0
300610	1429.0
730508	1422.0
500545	1416.0
760563	1414.0
510301	1414.0
500701	1404.0
760530	1392.0
520125	1392.0
510522	1373.0
760143	1370.0
740207	1366.0
520209	1365.0
720105	1364.0
100429	1363.0
780403	1362.0
520466	1361.0
731303	1358.0
760661	1357.0
300105	1357.0
520134	1347.0
510318	1339.0
760951	1335.0
760537	1329.0
510319	1321.0
560312	1317.0
560360	1313.0
730310	1313.0
760152	1307.0
100420	1307.0
100410	1305.0
760186	1302.0
500109	1300.0
760409	1300.0
501104	1300.0
100603	1294.0
300501	1293.0
520465	1291.0
100506	1291.0
510121	1275.0
520316	1274.0
470502	1273.0
510422	1267.0
520309	1263.0
120201	1258.0
730203	1246.0
510419	1245.0
751207	1243.0
760145	1236.0
720221	1236.0
720503	1236.0
560112	1232.0
520220	1230.0
760527	1224.0
560327	1221.0
520105	1220.0
710704	1216.0
520423	1202.0
760644	1201.0
760623	1199.0
100411	1197.0
570305	1196.0
720508	1191.0
110209	1177.0
110142	1177.0
540606	1172.0
780509	1170.0
110316	1170.0
560304	1170.0
760711	1170.0
110214	1167.0
720208	1155.0
530217	1135.0
300207	1130.0
590519	1129.0
520509	1120.0
760552	1118.0
570314	1118.0
520431	1115.0
760928	1111.0
720308	1110.0
720115	1107.0
501134	1104.0
760551	1100.0
760114	1098.0
520202	1087.0
470213	1083.0
720133	1082.0
100317	1081.0
501136	1080.0
751204	1078.0
740504	1064.0
710101	1059.0
510313	1055.0
740102	1055.0
540607	1046.0
470212	1044.0
500708	1042.0
730105	1036.0
520304	1034.0
510327	1034.0
760933	1029.0
320903	1029.0
780508	1028.0
520440	1027.0
720215	1022.0
520142	1020.0
300209	1019.0
760906	1015.0
720129	1011.0
300609	1010.0
730401	1010.0
110132	1008.0
760509	1008.0
500526	1003.0
760411	1002.0
760578	1000.0
760581	997.0
740101	995.0
500902	995.0
590504	993.0
760594	990.0
730805	990.0
780103	990.0
520324	989.0
760232	986.0
510413	985.0
711702	981.0
730201	975.0
570210	967.0
501120	963.0
100606	954.0
590307	949.0
510122	948.0
712504	945.0
520320	942.0
110206	940.0
720106	931.0
510404	929.0
560314	915.0
300414	912.0
760569	904.0
760620	901.0
761010	901.0
720512	900.0
470209	899.0
730309	897.0
320405	882.0
501004	879.0
540202	878.0
590310	873.0
520319	870.0
510410	865.0
760654	864.0
300103	863.0
751203	862.0
100612	861.0
740303	860.0
761011	855.0
730101	853.0
760734	852.0
760528	851.0
731010	850.0
520405	849.0
731307	848.0
711303	846.0
520317	844.0
500546	842.0
320803	841.0
760550	840.0
560108	838.0
720317	837.0
760662	835.0
500602	832.0
500562	831.0
560324	828.0
510303	828.0
760172	822.0
530506	815.0
730121	813.0
780301	811.0
710701	810.0
470613	808.0
760555	808.0
760522	807.0
760579	801.0
500537	799.0
320606	798.0
760735	796.0
760216	796.0
760513	790.0
540107	783.0
730505	780.0
500511	779.0
510424	770.0
730208	770.0
760625	769.0
750902	768.0
500404	762.0
300205	762.0
714010	759.0
760647	759.0
730319	757.0
760655	754.0
720219	754.0
540604	753.0
510607	752.0
540212	751.0
720211	751.0
740301	750.0
500548	749.0
760650	741.0
510519	740.0
540108	740.0
500516	737.0
321103	736.0
520114	736.0
780111	735.0
130301	731.0
100611	731.0
100417	729.0
470302	729.0
530604	726.0
560407	725.0
760582	719.0
570204	719.0
740401	718.0
520226	717.0
510204	716.0
520444	709.0
500111	708.0
110327	706.0
760162	703.0
720217	703.0
740402	701.0
560351	700.0
570406	699.0
110314	695.0
760602	695.0
540310	692.0
120113	690.0
540109	690.0
570303	688.0
540613	688.0
540615	687.0
730102	685.0
560507	684.0
520463	682.0
510325	678.0
500506	677.0
500347	676.0
110318	674.0
110338	670.0
540216	669.0
560345	668.0
760929	665.0
320301	654.0
510532	653.0
714901	650.0
560359	650.0
750105	650.0
520406	646.0
760308	639.0
510529	636.0
520141	632.0
510322	632.0
500414	627.0
300302	626.0
530304	625.0
590507	622.0
760544	620.0
530210	620.0
780406	620.0
110707	618.0
520222	617.0
720117	616.0
520403	615.0
500326	614.0
590603	610.0
780101	609.0
760649	606.0
730314	600.0
712601	599.0
500810	599.0
110310	599.0
760223	597.0
760608	595.0
540113	595.0
540309	594.0
510311	594.0
520112	594.0
760669	592.0
320306	589.0
501110	589.0
300613	587.0
470612	584.0
500310	584.0
760663	582.0
500808	577.0
540119	570.0
100607	566.0
730109	563.0
540612	562.0
510502	562.0
540301	560.0
560321	556.0
300607	552.0
720209	545.0
510531	541.0
760510	540.0
760686	539.0
500539	534.0
760736	532.0
760108	529.0
560343	529.0
540114	526.0
100425	525.0
300410	510.0
500412	507.0
130407	501.0
510515	501.0
550502	500.0
760153	499.0
760633	499.0
710402	499.0
720201	499.0
470610	496.0
510510	495.0
500107	495.0
530606	493.0
760157	490.0
731106	486.0
760512	483.0
110205	483.0
730320	472.0
520417	471.0
720302	470.0
760750	470.0
470603	469.0
500553	467.0
720511	466.0
300118	465.0
520211	463.0
520213	461.0
590103	456.0
730111	454.0
110702	453.0
760169	452.0
560310	452.0
770131	450.0
501135	449.0
501126	449.0
760944	447.0
500321	442.0
730207	442.0
510321	441.0
520441	436.0
760233	434.0
510414	433.0
300111	425.0
110701	425.0
530223	421.0
730701	420.0
760136	416.0
760613	415.0
760589	415.0
760930	413.0
760546	413.0
100313	412.0
760127	407.0
760617	407.0
540116	407.0
770107	404.0
300507	404.0
760194	403.0
510518	403.0
110212	401.0
110703	400.0
110705	399.0
300803	398.0
760757	397.0
510305	396.0
510535	396.0
501118	392.0
560509	390.0
510521	390.0
730322	389.0
760575	389.0
500549	388.0
520135	387.0
120308	386.0
560502	379.0
760156	378.0
720224	376.0
470405	376.0
760632	375.0
751201	373.0
720109	371.0
730306	370.0
760953	369.0
560308	367.0
520310	367.0
760123	365.0
720207	361.0
760189	361.0
501112	360.0
560338	359.0
740503	358.0
760173	357.0
300202	354.0
500605	352.0
540223	350.0
500606	347.0
501116	347.0
760913	346.0
760104	345.0
760124	344.0
760303	343.0
501132	341.0
300121	341.0
520103	339.0
500555	336.0
540207	336.0
500312	336.0
711307	334.0
560302	333.0
590108	333.0
720132	333.0
300427	331.0
740804	331.0
510533	329.0
110213	329.0
110713	328.0
570309	327.0
510316	326.0
560340	325.0
500541	321.0
300805	320.0
510507	320.0
730206	320.0
470505	316.0
520305	316.0
731305	315.0
760529	315.0
560348	314.0
590601	314.0
470601	313.0
520124	312.0
760149	312.0
570213	308.0
570101	306.0
760756	303.0
760106	302.0
510425	301.0
520409	300.0
120306	300.0
710102	299.0
540610	299.0
740203	299.0
740202	299.0
300503	299.0
760306	297.0
501106	296.0
520460	296.0
760726	295.0
540214	291.0
780306	291.0
501124	289.0
740801	287.0
760514	285.0
730315	285.0
720510	284.0
300804	283.0
540205	283.0
730115	282.0
510123	282.0
760668	280.0
590106	280.0
730710	279.0
761002	278.0
760638	278.0
300806	276.0
730132	276.0
510503	275.0
300112	275.0
730317	273.0
570105	270.0
730323	268.0
760941	265.0
110210	265.0
100316	264.0
760525	264.0
470606	263.0
760231	263.0
760752	261.0
520471	260.0
560301	260.0
500335	251.0
760635	250.0
760176	250.0
520407	249.0
590525	249.0
300208	247.0
110215	246.0
500344	238.0
760708	238.0
501114	237.0
321004	237.0
520303	237.0
590208	235.0
780110	235.0
300116	233.0
760681	231.0
501127	229.0
500416	227.0
550703	225.0
720216	224.0
540602	224.0
760304	224.0
780408	221.0
760125	221.0
590505	220.0
500117	220.0
500517	219.0
470403	219.0
520426	218.0
560326	216.0
760542	214.0
300305	214.0
730136	214.0
540611	213.0
300411	213.0
500525	210.0
500110	209.0
760652	207.0
740606	206.0
730202	206.0
760122	204.0
520415	202.0
760648	200.0
720107	199.0
300426	198.0
510409	197.0
501109	195.0
500339	193.0
780109	193.0
730404	189.0
590109	188.0
761005	188.0
760570	188.0
501128	184.0
720124	183.0
500609	181.0
740605	181.0
760190	180.0
300904	180.0
761003	180.0
520422	180.0
520459	178.0
530113	178.0
760138	175.0
530226	172.0
470604	170.0
540102	170.0
110706	168.0
300409	166.0
730311	166.0
570408	166.0
730403	164.0
560342	160.0
520322	160.0
740201	159.0
760646	154.0
760606	152.0
760730	150.0
530130	150.0
760207	149.0
760945	149.0
300203	148.0
760682	146.0
730135	145.0
510508	144.0
110715	140.0
730137	140.0
590309	139.0
760565	138.0
760599	137.0
760543	137.0
760234	135.0
760126	133.0
760560	132.0
520116	132.0
730144	128.0
730106	128.0
560303	128.0
510513	127.0
760168	126.0
110134	123.0
760621	120.0
300304	120.0
590202	120.0
530122	119.0
500343	119.0
761004	116.0
100442	115.0
760562	115.0
500504	114.0
720311	113.0
720137	112.0
500315	112.0
730415	110.0
760217	110.0
590102	107.0
300417	105.0
760184	105.0
501119	104.0
520327	104.0
730130	104.0
300425	99.0
760670	99.0
520111	99.0
760171	98.0
720212	98.0
110326	96.0
501115	96.0
751205	96.0
500547	95.0
500409	95.0
110128	94.0
510310	93.0
500556	92.0
780402	90.0
760213	89.0
761006	89.0
590304	89.0
550716	89.0
501117	85.0
540608	85.0
730307	84.0
760600	84.0
760536	81.0
760703	80.0
760508	80.0
720123	80.0
730108	79.0
760128	77.0
560346	75.0
500118	74.0
760137	73.0
590402	71.0
590317	70.0
760404	69.0
110711	67.0
120307	65.0
761007	65.0
720309	65.0
110704	64.0
760159	64.0
760624	63.0
560516	63.0
550718	62.0
760113	60.0
500558	59.0
720116	49.0
300114	49.0
520434	49.0
500211	48.0
720404	48.0
760588	48.0
760807	47.0
760604	46.0
761008	45.0
500513	45.0
520321	44.0
760590	41.0
760626	38.0
760204	38.0
760154	35.0
110309	34.0
760515	28.0
760531	24.0
130104	19.0
730110	19.0
