100101	24098
100102	132943
100103	30352
100104	16434
100105	4826
100106	42457
100107	8357
100108	23405
100109	44921
100110	32878
100111	14701
100112	14821
100113	11756
100201	82592
100202	21132
100203	12254
100204	17013
100205	201537
100206	13114
100207	2420
100208	11439
100209	14267
100210	29185
100211	3178
100212	17576
100213	24030
100214	1743
100215	33563
100216	9614
100217	29626
100218	21277
100301	76941
100302	20371
100303	42552
100304	47137
100305	26859
100306	45530
100307	25216
100308	28377
100309	18389
100310	53188
100311	78548
100312	45114
100313	1766
100314	21653
100315	3701
100316	156
100317	2865
100318	2284
100319	21675
100320	1831
100321	3134
100322	47981
100323	49686
100324	37578
100325	16098
100401	92294
100402	19725
100403	54114
100405	22317
100406	20586
100407	34879
100408	13272
100409	2421
100410	1095
100411	757
100413	48044
100414	93083
100415	1749
100416	29606
100417	673
100418	48501
100419	20032
100420	758
100421	2610
100422	8976
100423	4114
100424	5944
100425	456
100426	4385
100427	7499
100428	2631
100429	1410
100430	1353
100431	34272
100432	7440
100433	2255
100434	1338
100436	15899
100437	1087
100438	8942
100439	2412
100440	25655
100441	1000
100442	733
100443	25693
100444	7731
100501	1015
100502	4510
100503	37725
100504	22897
100505	71879
100506	958
100507	68854
100508	12726
100509	17654
100510	49652
100511	37400
100512	5795
100513	10624
100514	14649
100515	36888
100516	57582
100517	16655
100601	34234
100602	8542
100603	9072
100604	3165
100605	11894
100606	767
100607	219
100608	7750
100609	2182
100610	3489
100611	1284
100612	1257
100613	7311
100614	4050
110102	16171
110103	13314
110105	32837
110106	-32746
110107	11369
110108	7498
110109	55793
110110	11809
110111	1753
110112	34540
110113	4784
110114	43450
110115	16084
110116	8720
110117	27714
110118	19250
110119	30447
110120	2777
110121	8630
110122	12486
110123	6802
110124	3995
110125	1853
110126	3898
110127	7731
110128	357
110129	1874
110131	11586
110132	731
110133	11883
110134	209
110135	1931
110136	67288
110137	15597
110138	12477
110142	575
110201	13961
110202	12084
110203	1910
110204	2177
110205	760
110206	1205
110207	8118
110208	7480
110209	1292
110210	272
110211	1319
110212	375
110213	183
110214	906
110215	464
110217	-87223
110218	6605
110305	11508
110306	2787
110307	865
110308	3810
110309	652
110310	376
110311	781
110312	816
110313	10015
110314	586
110316	486
110317	292
110318	333
110322	2477
110323	1592
110326	68
110327	581
110331	586
110332	7052
110333	98304
110334	4924
110335	430
110336	2835
110338	705
110401	131450
110402	35988
110403	24816
110404	34641
110405	20770
110406	18124
110407	22615
110408	1709
110409	11267
110410	18606
110411	87826
110412	1912
110501	11356
110502	14783
110503	2679
110504	27272
110505	19569
110506	44213
110507	87403
110508	33857
110509	16298
110510	3414
110511	10533
110512	6239
110513	10787
110514	1955
110515	6519
110516	4274
110517	11332
110518	14013
110601	4390
110602	3978
110603	26330
110604	4013
110605	6637
110701	835
110702	629
110703	681
110704	118
110705	689
110706	361
110707	1626
110709	6
110710	62
110711	179
110712	33
110713	448
110714	134
110715	938
110716	66
110801	2680
110802	1971
110804	7082
110805	7437
110806	1305
110807	1435
110808	364
110809	1217
110810	14296
110811	10282
110812	2491
110814	3763
110815	6323
110816	3087
120101	60822
120102	4279
120103	92287
120104	29513
120105	36011
120106	21839
120107	33625
120108	26509
120109	18475
120110	19757
120111	373
120112	19710
120113	1096
120115	23906
120201	1070
120202	5307
120203	32816
120204	19247
120205	2922
120208	4437
120301	2588
120302	13331
120303	1566
120304	372
120305	5296
120306	237
120307	73
120308	291
130101	28545
130102	22993
130103	7819
130104	328
130105	1606
130106	31363
130107	8044
130108	7029
130109	12788
130110	38461
130111	11765
130112	1564
130113	1682
130201	29595
130202	3919
130203	9747
130204	96784
130205	53390
130206	128736
130207	4910
130208	20824
130301	766
130302	7436
130303	5575
130304	10481
130305	34843
130306	15300
130307	11930
130308	21012
130309	10539
130310	4923
130313	12480
130314	2803
130315	-122632
130316	20187
130317	53386
130401	33621
130402	16182
130403	3948
130404	7720
130405	3944
130407	1312
140803	3486
300101	1670
300102	3150
300103	1230
300104	3090
300105	1630
300106	1586
300107	4387
300109	1602
300110	762
300111	726
300112	634
300113	1191
300114	243
300115	6364
300116	514
300117	2273
300118	378
300121	480
300201	2016
300202	395
300203	877
300205	1165
300206	985
300207	841
300208	186
300209	1126
300210	2027
300301	25584
300302	273
300303	1795
300304	89
300305	501
300307	6060
300408	4639
300409	340
300410	449
300411	249
300412	612
300413	99
300414	985
300416	1915
300417	160
300418	8465
300420	391
300422	56987
300423	18900
300424	39844
300425	170
300426	421
300427	342
300428	1637
300501	1124
300502	2934
300503	258
300504	2522
300507	1207
300601	1308
300602	8927
300603	7104
300604	30279
300605	5109
300606	7037
300607	760
300608	3378
300609	2220
300610	1908
300611	3540
300612	4614
300613	682
300614	2683
300701	10303
300702	21449
300703	31205
300704	18811
300705	1523
300706	2350
300707	3361
300708	2510
300709	51099
300711	14771
300712	34725
300713	5869
300714	6996
300716	14568
300801	12514
300802	3862
300803	242
300804	268
300805	523
300806	545
300807	1769
300808	1821
300904	276
300905	1677
301002	27
320101	5059
320102	3190
320103	9697
320104	37767
320106	1269
320107	13183
320108	8284
320201	36939
320202	23691
320203	9110
320204	3632
320205	8768
320206	7150
320301	847
320303	126
320304	1718
320306	338
320308	12262
320309	2306
320310	5168
320401	8104
320402	356563
320403	31299
320404	7321
320405	476
320406	1507
320407	18373
320408	2330
320409	841
320410	336
320411	4769
320501	124946
320502	1646
320503	12785
320506	2924
320507	31872
320508	535
320509	12794
320510	7225
320601	60
320602	476
320606	871
320703	27
320704	4124
320801	3352
320803	612
320804	2955
320903	1131
320904	102
321003	4558
321004	503
321101	3865
321102	1345
321103	396
321203	1823
321301	19322
321302	14687
321303	7993
321304	5947
321305	9391
321307	6895
321308	2376
340101	-3738
470101	40410
470102	47027
470103	150775
470105	127966
470106	66560
470107	5045
470108	374
470109	11985
470110	12931
470201	3652
470202	39200
470203	15446
470204	484
470205	26337
470206	11353
470207	48403
470208	4483
470209	226
470210	10229
470211	1468
470212	1025
470213	348
470301	1327
470302	87
470305	223
470307	425
470401	4949
470402	5071
470403	223
470404	7082
470405	62
470406	72
470501	1262
470502	922
470504	2646
470505	295
470601	593
470602	1792
470603	90
470604	190
470606	77
470607	23
470609	2228
470610	195
470611	2338
470612	296
470613	321
470701	426
470702	7155
500101	13519
500102	46647
500103	7687
500105	12926
500106	3105
500107	540
500108	3253
500109	2027
500110	380
500111	949
500112	5326
500115	2049
500117	174
500118	99
500119	255
500201	55028
500202	17643
500203	36391
500204	2310
500205	15621
500206	16524
500207	20398
500208	15425
500209	6071
500210	31282
500211	168
500212	8488
500301	49447
500302	33470
500303	31053
500304	4968
500305	20881
500306	4624
500307	53766
500308	1269
500309	9574
500310	803
500311	22265
500312	160
500313	4851
500315	137
500316	2577
500317	4425
500318	12773
500319	18105
500320	1523
500321	228
500322	1345
500323	2069
500325	2090
500326	582
500332	3745
500333	4141
500334	327
500335	228
500339	574
500341	339
500343	140
500344	816
500345	4140
500346	2407
500347	330
500348	23
500349	79
500402	3724
500403	3733
500404	1156
500405	3100
500406	2531
500407	7884
500408	6989
500409	198
500412	150
500414	1169
500416	594
500417	266
500418	2230
500419	3486
500501	45147
500502	5047
500503	3045
500504	256
500506	729
500509	13192
500510	4714
500511	1336
500513	14
500514	1819
500515	2405
500516	1050
500517	345
500518	1410
500520	1877
500521	3477
500525	65
500526	1029
500527	271
500529	1421
500531	3293
500534	3924
500535	12744
500537	1044
500538	5843
500539	941
500540	2418
500541	278
500542	11493
500544	4583
500545	1889
500546	1192
500547	91
500548	2301
500549	104
500553	398
500554	5271
500555	276
500556	481
500558	298
500559	4931
500560	1304
500561	3148
500562	1006
500564	4500
500601	11987
500602	1462
500603	2529
500604	17041
500605	302
500606	552
500608	3407
500609	219
500701	1768
500702	2403
500703	2849
500705	63319
500707	5454
500708	961
500709	14760
500711	5049
500802	9250
500803	15399
500804	100463
500805	14576
500806	22008
500807	12996
500808	466
500810	238
500811	1262
500901	15501
500902	195
500903	57362
500905	997
501001	45454
501002	46091
501003	5873
501004	339
501005	7842
501101	2779
501102	5340
501103	1464
501104	1813
501105	9808
501106	542
501107	2314
501108	148
501109	177
501110	773
501112	200
501114	445
501115	105
501116	351
501117	81
501118	285
501119	39
501120	958
501122	1921
501123	2597
501124	296
501125	9930
501126	196
501127	607
501128	81
501129	4206
501130	63
501131	5027
501132	266
501133	1288
501134	2142
501135	221
501136	669
510101	17568
510103	24811
510104	9104
510105	9880
510108	5848
510109	5542
510110	18045
510113	3211
510114	4512
510116	10408
510117	620
510118	5468
510119	4650
510120	4361
510121	1875
510122	588
510123	101
510124	10569
510201	19456
510202	3107
510204	636
510205	2601
510301	2388
510302	7818
510303	832
510304	1993
510305	770
510306	85
510308	509
510309	85
510310	123
510311	369
510312	1907
510313	1903
510314	3020
510315	3137
510316	322
510317	2525
510318	1603
510319	2466
510321	610
510322	666
510325	851
510326	2884
510327	1795
510328	40
510329	2034
510401	7882
510402	4658
510403	52
510404	1000
510407	3449
510408	2007
510409	113
510410	585
510411	14004
510412	12405
510413	2327
510414	461
510415	1587
510416	45
510417	6870
510418	6284
510419	1210
510420	853
510422	1419
510424	633
510425	537
510427	4245
510428	14893
510501	8796
510502	855
510503	474
510505	3653
510506	2729
510507	758
510508	288
510510	459
510512	6511
510513	720
510515	396
510518	354
510519	674
510521	232
510522	2005
510524	2861
510525	4552
510526	552
510527	6256
510529	514
510530	4244
510531	426
510532	424
510533	420
510535	601
510538	3630
510539	28131
510607	280
520101	8179
520102	11368
520103	288
520105	1478
520107	2178
520108	1217
520111	43
520112	824
520113	2305
520114	573
520115	88
520116	122
520119	3467
520120	2098
520121	2433
520122	1945
520123	2444
520124	283
520125	1393
520126	9981
520133	24060
520134	1775
520135	906
520137	14333
520139	3469
520141	992
520142	475
520144	12030
520201	4193
520202	1416
520203	2614
520204	2354
520205	1256
520206	2273
520208	1961
520209	1722
520210	2197
520211	476
520213	758
520215	240
520220	706
520221	2296
520222	1160
520226	727
520227	2318
520228	3427
520230	2868
520231	3595
520232	3074
520234	4662
520301	96
520302	688
520303	284
520304	1247
520305	373
520308	3668
520309	2156
520310	498
520311	4057
520314	7004
520316	2831
520317	677
520319	1420
520320	2032
520321	128
520322	303
520324	2079
520325	3136
520327	415
520328	22219
520401	6448
520402	13353
520403	453
520404	960
520405	528
520406	691
520407	59
520409	227
520410	1927
520414	10864
520415	215
520417	516
520419	2247
520420	3206
520422	152
520423	1621
520424	13614
520425	28346
520426	359
520431	1170
520433	17796
520434	13
520436	2956
520437	33410
520440	1690
520441	436
520442	2747
520443	16571
520444	209
520446	5556
520448	7615
520452	42329
520457	128966
520459	273
520460	420
520463	796
520464	6751
520465	4082
520466	1123
520469	13082
520470	6292
520471	478
520472	28128
520473	19946
520501	4198
520502	2290
520503	8275
520504	4552
520505	3528
520508	15478
520509	910
520510	9269
530101	184621
530102	3487
530103	59881
530104	84344
530105	135059
530106	5270
530107	3614
530108	25957
530109	11634
530110	161600
530111	39951
530112	26523
530113	894
530114	120765
530116	42222
530117	3394
530119	6150
530120	9038
530122	10
530123	2324
530125	6992
530126	9212
530130	233
530132	182
530133	28
530201	5552
530202	10909
530203	4969
530204	14712
530205	62892
530206	19109
530207	11092
530208	5367
530209	48591
530210	108
530211	25077
530212	10338
530213	2472
530215	19321
530217	433
530219	5077
530220	14811
530221	3782
530222	10823
530223	142
530225	1892
530226	253
530227	5961
530228	964
530301	43679
530302	30748
530303	3274
530304	324
530401	15107
530402	5952
530403	49313
530404	91927
530405	28072
530406	33801
530407	4137
530408	35124
530409	1449
530410	2455
530411	-910
530412	12133
530414	355
530501	15013
530502	10475
530503	7821
530504	8011
530505	11885
530506	436
530601	23720
530602	9677
530603	7145
530604	766
530605	1957
530606	643
540101	4576
540102	426
540103	5641
540104	7092
540107	636
540108	851
540109	514
540110	3585
540112	3240
540113	1043
540114	82
540115	891
540116	481
540117	3968
540119	1163
540201	5976
540202	1387
540203	5510
540204	6165
540205	191
540206	12061
540207	1061
540209	23813
540210	4094
540211	4006
540212	746
540213	3406
540214	195
540215	4999
540216	925
540217	9223
540218	4884
540219	5017
540220	242
540222	4047
540223	416
540224	2218
540226	498
540228	1046
540301	190
540306	78
540309	660
540310	221
540407	307
540408	1535
540601	2238
540602	450
540604	536
540605	4646
540606	5145
540607	996
540608	140
540609	4110
540610	495
540611	912
540612	657
540613	1611
540615	1064
540616	168
540617	4981
550104	133
550302	36
550502	237
550508	30
550612	29
550703	70
550716	19
550718	17
560101	3747
560102	34221
560103	11258
560104	20965
560106	8431
560107	10750
560108	430
560109	9703
560110	5773
560111	470
560112	2079
560113	3133
560116	1798
560117	21735
560201	320217
560204	39078
560301	257
560302	364
560303	131
560304	1015
560305	736
560306	4050
560307	2515
560308	719
560309	4158
560310	470
560311	3798
560312	1270
560314	722
560316	1957
560317	4017
560321	626
560322	9598
560323	837
560324	817
560325	1133
560326	51
560327	891
560328	1872
560329	2550
560330	3571
560333	2779
560334	19698
560335	11967
560336	36628
560337	3322
560338	88
560339	7115
560340	171
560341	10538
560342	320
560343	823
560344	750
560345	869
560346	26
560348	527
560349	2722
560350	1566
560351	792
560356	2721
560357	2543
560358	2085
560359	449
560360	908
560401	47344
560402	340999
560403	19680
560404	2001
560405	28907
560406	7888
560407	542
560408	5320
560409	1451
560502	822
560504	4206
560507	664
560509	1598
560513	415
560515	805
560516	181
560517	14885
560518	3577
570101	455
570102	14919
570103	11993
570104	1088
570105	90
570106	6689
570107	2009
570108	1608
570201	4051
570202	540
570204	766
570205	5585
570206	11843
570210	263
570211	689
570212	8908
570213	210
570301	10238
570302	2090
570303	665
570304	4680
570305	1578
570306	5869
570307	2863
570308	5184
570309	489
570310	12307
570311	3169
570314	1002
570315	2488
570401	8189
570402	8175
570403	8604
570404	6787
570405	1451
570406	219
570407	8789
570408	972
570413	1458
570414	2064
570415	5753
570416	1087
570417	1187
570418	76
590102	101
590103	547
590104	1479
590105	206
590106	254
590108	203
590109	52
590202	395
590203	1137
590204	1735
590206	51
590208	119
590211	1193
590301	43189
590302	1770
590303	1566
590304	111
590305	3256
590307	397
590309	83
590310	1052
590311	7621
590312	8051
590317	48
590318	5026
590319	2721
590402	176
590501	4388
590502	477
590504	1832
590505	63
590506	1301
590507	1198
590512	77
590514	4165
590515	10157
590516	3720
590517	450
590519	1173
590521	1599
590522	2540
590523	168
590525	138
590527	166
590528	74
590531	6278
590601	234
590603	437
710101	1429
710102	305
710201	421
710202	2562
710203	2416
710301	21493
710302	3653
710401	1760
710402	327
710501	4675
710502	5112
710601	876
710603	856
710604	12917
710605	563
710701	110
710703	5367
710704	2116
710705	6566
710801	1333
710802	2171
710803	2200
710901	2480
710902	1240
711103	1435
711201	11429
711203	2832
711302	930
711303	1042
711304	3525
711305	4199
711307	874
711310	19092
711311	2116
711314	1322
711321	8875
711402	5355
711405	319
711409	-11861
711501	5377
711502	4977
711601	4465
711602	1802
711701	2125
711702	6852
711801	6851
711901	2177
711902	3316
712001	1302
712102	35127
712201	10790
712401	2790
712501	4988
712502	328
712503	6623
712504	823
712505	1010
712601	438
712701	10538
712802	57
712901	44239
712902	44556
712903	1230
713001	4910
713101	2423
713102	11837
713305	83
713901	2038
713902	570
714005	1977
714008	632
714010	1164
714012	1887
714101	410
714102	1401
714601	5468
714701	5283
714901	268
715001	18723
715002	7804
715111	4116
715401	2994
715609	16032
715701	330
715903	568
715911	5406
716101	4415
720101	3106
720102	4613
720104	2107
720105	985
720106	511
720107	765
720109	726
720111	1152
720113	79
720115	852
720116	1304
720117	597
720118	4834
720120	1964
720122	22161
720123	219
720124	246
720126	26
720129	1352
720130	5623
720131	3324
720132	504
720133	1807
720134	651
720135	14479
720136	8545
720137	550
720201	149
720202	162
720203	49
720204	44
720205	6499
720207	353
720208	728
720209	706
720210	2176
720211	716
720212	484
720214	4100
720215	1267
720216	385
720217	3469
720218	1916
720219	428
720221	803
720222	107
720224	1916
720225	1597
720226	10857
720301	3558
720302	328
720303	23664
720304	1355
720305	10011
720306	2378
720307	3241
720308	2046
720309	249
720310	5991
720311	781
720312	1460
720313	2625
720314	1779
720316	814
720317	1122
720318	4482
720402	22521
720403	118
720404	20
720405	200
720410	3456
720501	12660
720502	16217
720503	1077
720504	9981
720505	1792
720506	6792
720507	2092
720508	1732
720509	4877
720510	391
720511	108
720512	669
720514	1425
720515	2805
720516	1315
730101	1055
730102	767
730103	2742
730104	1723
730105	1634
730106	85
730107	1534
730108	256
730109	436
730110	24
730111	348
730113	997
730114	1320
730115	93
730117	30
730120	32
730121	562
730122	4021
730125	916
730130	24
730132	126
730134	115
730135	239
730136	99
730137	160
730144	562
730145	3579
730150	1512
730201	1550
730202	429
730203	1091
730204	2025
730205	39
730206	76
730207	306
730208	506
730301	7475
730302	1888
730303	29927
730304	4896
730306	385
730307	78
730309	1174
730310	4376
730311	263
730312	41563
730313	5912
730314	736
730315	536
730317	169
730319	1672
730320	538
730322	344
730323	109
730326	4604
730401	426
730403	208
730404	610
730415	408
730502	11676
730503	6137
730504	1676
730505	873
730508	734
730509	690
730602	1033
730603	44281
730604	5807
730608	9793
730609	4121
730610	400
730701	240
730702	11119
730703	6566
730704	15924
730705	14713
730706	1713
730708	33397
730709	3402
730710	475
730714	1874
730715	11842
730716	47112
730718	9149
730719	35108
730720	2157
730801	7247
730802	12843
730804	13045
730805	1160
730901	1441
730907	2655
731006	1923
731009	3004
731010	350
731106	665
731201	3054
731202	5464
731301	11707
731302	36791
731303	1201
731304	2079
731305	177
731307	520
740101	1056
740102	1078
740103	140
740104	5356
740105	27928
740106	3815
740201	974
740202	267
740203	89
740204	1972
740205	1340
740206	2970
740207	2600
740301	705
740303	807
740304	2256
740305	1875
740306	8678
740401	513
740402	1174
740503	295
740504	801
740604	79
740605	222
740606	273
740607	4114
740801	889
740802	1826
740803	1612
740804	234
740805	19243
740806	1145
740807	25296
750101	32738
750102	5655
750103	4469
750104	4542
750105	540
750106	21812
750202	6478
750302	1488
750506	10633
750508	-84
750510	5018
750701	2645
750802	1060
750804	99
750807	2917
750811	1050
750813	129
750814	1399
750902	579
751001	3537
751004	22037
751005	1680
751101	21841
751201	2076
751202	12758
751203	2159
751204	2328
751205	300
751206	10544
751207	2124
751208	568
760101	30952
760102	574
760103	12118
760104	719
760105	4811
760106	468
760107	5003
760108	693
760109	6656
760110	1337
760111	3142
760112	3536
760113	419
760114	992
760115	8813
760116	6358
760117	8022
760118	1797
760119	4254
760120	1905
760121	2037
760122	317
760123	457
760124	317
760125	187
760126	202
760127	332
760128	128
760129	110
760130	3424
760131	1540
760132	23908
760134	110
760135	20817
760136	473
760137	205
760138	221
760140	5073
760141	110
760142	4179
760143	440
760145	1339
760146	3836
760147	1441
760148	1046
760149	308
760151	8755
760152	1845
760153	150
760154	22
760155	17973
760156	285
760157	916
760158	5026
760159	74
760162	1060
760163	17930
760164	12290
760165	437
760166	4191
760167	3033
760168	301
760169	508
760170	1631
760171	134
760172	369
760173	238
760176	290
760178	14
760179	64
760182	66
760183	8761
760184	150
760186	990
760188	609
760189	261
760190	234
760191	3327
760194	245
760196	1783
760201	12232
760202	2874
760203	12369
760204	188
760205	9795
760207	350
760208	4435
760209	5417
760210	5126
760211	5667
760212	2791
760213	135
760214	3326
760216	253
760217	256
760218	3430
760219	6624
760220	1837
760221	6054
760223	255
760224	3326
760225	1940
760226	20708
760227	5443
760228	1876
760229	12527
760230	7889
760231	232
760232	1515
760233	259
760234	928
760235	5656
760301	6961
760302	10245
760303	309
760304	168
760305	3686
760306	986
760307	465
760308	970
760402	26516
760404	172
760405	1989
760406	2792
760409	1418
760411	642
760502	5056
760503	9354
760504	5691
760505	7164
760506	4774
760507	2068
760508	50
760509	801
760510	514
760511	31
760512	770
760513	796
760514	661
760515	22
760516	5696
760517	3868
760518	15421
760519	2545
760520	6254
760522	1134
760523	10271
760524	7627
760525	113
760526	5802
760527	1110
760528	1254
760529	451
760530	1479
760531	24
760534	5577
760535	3997
760536	311
760537	1191
760538	970
760539	2345
760540	1177
760541	1833
760542	481
760543	95
760544	613
760545	5635
760546	487
760548	8221
760549	7841
760550	527
760551	1866
760552	1717
760553	16174
760554	5917
760555	644
760556	2036
760557	3659
760560	131
760561	15071
760562	142
760563	2286
760564	2082
760565	684
760569	652
760570	1502
760574	10718
760575	392
760576	8934
760577	16613
760578	479
760579	663
760580	1896
760581	1563
760582	139
760583	14060
760584	5511
760586	8889
760587	6205
760588	318
760589	200
760590	72
760591	318
760592	4745
760593	13121
760594	472
760597	448
760598	2158
760599	105
760600	24
760601	3187
760602	2870
760603	2462
760604	351
760606	124
760607	186
760608	1010
760609	1751
760613	495
760614	3536
760616	169
760617	882
760618	5693
760619	3756
760620	1412
760621	450
760622	3781
760623	1610
760624	141
760625	1095
760626	67
760629	308
760630	40
760631	1837
760632	999
760633	1323
760634	8661
760635	320
760636	2154
760637	8840
760638	355
760639	1990
760640	11465
760641	4412
760642	1716
760643	2642
760644	1497
760645	3645
760646	918
760647	2076
760648	230
760649	809
760650	737
760652	88
760653	10523
760654	1986
760655	1872
760656	16546
760657	7192
760659	3177
760661	1417
760662	821
760663	471
760664	1858
760668	244
760669	766
760670	155
760675	633
760677	61
760681	559
760682	106
760686	831
760687	8330
760702	13151
760703	137
760705	34
760706	1998
760707	2780
760708	390
760711	1800
760716	1024
760718	72
760724	115
760725	26
760726	176
760730	538
760734	849
760735	416
760736	254
760738	144
760739	192
760750	1101
760752	671
760756	447
760757	646
760807	2759
760809	12298
760810	2736
760901	3417
760904	6720
760906	1029
760908	4390
760909	11412
760910	79
760912	5667
760913	365
760914	1220
760915	11670
760916	1855
760917	11077
760919	1594
760920	41525
760922	7924
760923	2343
760927	1766
760928	361
760929	764
760930	371
760931	8251
760932	1803
760933	1117
760934	1115
760935	1392
760936	2551
760938	2194
760941	1561
760942	3087
760943	3132
760944	196
760945	196
760948	4764
760949	301
760950	3202
760951	2129
760952	2184
760953	774
761002	285
761003	294
761004	214
761005	219
761006	161
761007	143
761008	94
761010	1472
761011	432
761101	49408
761102	641
761103	1731
761104	1180
761105	136
761106	290
761107	334
761108	278
761109	92
761110	116
761111	405
761112	2988
761113	76
761115	1103
761116	251
761117	349
770107	277
770131	525
780101	798
780102	3827
780103	690
780104	3875
780105	86
780107	2350
780109	208
780110	774
780111	844
780202	11621
780205	7511
780301	529
780303	130
780306	322
780401	331
780402	249
780403	1229
780404	2353
780405	2107
780406	840
780408	109
780409	700
780501	3542
780503	400
780504	8653
780505	1386
780506	1855
780507	76
780508	2380
780509	220
780510	17442
