100101	15.357555
100102	15.983529
100103	20.441671
100104	22.344286
100105	21.345482
100106	17.344679
100107	16.803732
100108	18.479187
100109	13.149367
100110	19.579796
100111	23.687984
100112	16.7129
100113	21.290545
100201	15.132727
100202	16.912094
100203	20.231806
100204	18.3028
100205	16.427017
100206	25.696594
100207	7.8322225
100208	12.452104
100209	19.215075
100210	15.761362
100211	19.309757
100212	16.561289
100213	14.545125
100214	15.888788
100215	13.087593
100216	20.310553
100217	17.466822
100218	18.559677
100301	17.63444
100302	19.326225
100303	18.492588
100304	19.371954
100305	20.548857
100306	15.662195
100307	22.361746
100308	16.39152
100309	19.67369
100310	20.541538
100311	14.265633
100312	10.505995
100313	19.630947
100314	16.956148
100315	20.499613
100316	22.285715
100317	16.751448
100318	17.726038
100319	14.991182
100320	19.49324
100321	21.637669
100322	12.276882
100323	20.23367
100324	22.913834
100325	18.735815
100401	7.704521
100402	10.32382
100403	11.122622
100405	14.886534
100406	15.204401
100407	15.537272
100408	17.784687
100409	21.30412
100410	23.342571
100411	20.67741
100413	13.2684145
100414	17.48287
100415	17.758148
100416	16.026026
100417	24.217344
100418	21.375025
100419	13.376694
100420	14.269579
100421	24.408491
100422	21.019108
100423	21.116928
100424	16.73282
100425	20.670898
100426	21.884514
100427	18.685371
100428	19.27755
100429	23.633926
100430	10.087229
100431	11.779749
100432	16.46637
100433	17.484686
100434	17.351835
100436	7.6008124
100437	9.017006
100438	11.112215
100439	7.833204
100440	19.371475
100441	17.838032
100442	14.95308
100443	15.715718
100444	19.11674
100501	17.030201
100502	21.99678
100503	14.224148
100504	8.129161
100505	12.2152
100506	19.144684
100507	15.63343
100508	4.598789
100509	12.003726
100510	15.507285
100511	23.302326
100512	11.418494
100513	8.224438
100514	14.392808
100515	17.684452
100516	4.835597
100517	13.548912
100601	9.970119
100602	26.306551
100603	9.033518
100604	14.879413
100605	21.748432
100606	10.676503
100607	17.189953
100608	16.749876
100609	19.10683
100610	10.182996
100611	23.303085
100612	18.873873
100613	26.885595
100614	16.568483
110102	21.784992
110103	12.251095
110105	16.042778
110106	-14.368646
110107	7.284692
110108	2.1726217
110109	11.543841
110110	7.0402303
110111	8.027292
110112	14.123151
110113	15.077214
110114	15.491522
110115	18.670845
110116	14.401321
110117	4.625391
110118	16.887001
110119	15.222131
110120	16.6019
110121	16.132048
110122	18.211784
110123	19.533068
110124	20.779154
110125	21.626984
110126	21.742525
110127	23.305801
110128	23.959732
110129	18.453962
110131	18.974468
110132	22.929737
110133	22.930857
110134	21.793535
110135	25.162888
110136	17.594532
110137	9.682045
110138	19.486786
110142	21.383413
110201	12.538844
110202	17.015406
110203	23.988947
110204	19.453133
110205	32.17612
110206	21.490993
110207	23.236774
110208	25.946096
110209	23.525127
110210	22.761505
110211	15.187104
110212	18.248175
110213	24.965895
110214	21.685017
110215	25.692139
110217	-3.9624162
110218	21.287226
110305	12.120318
110306	22.301352
110307	23.862068
110308	20.28862
110309	24.971275
110310	22.03986
110311	17.84735
110312	13.837544
110313	20.678905
110314	20.728687
110316	20.532318
110317	13.957935
110318	21.86474
110322	19.781185
110323	22.939482
110326	23.943663
110327	20.86176
110331	23.152905
110332	18.275585
110333	16.85273
110334	22.558182
110335	21.182266
110336	22.512508
110338	23.290386
110401	16.409897
110402	16.273485
110403	18.642387
110404	18.625195
110405	16.91313
110406	15.470764
110407	18.398294
110408	20.342817
110409	22.318405
110410	18.899895
110411	16.809994
110412	22.020039
110501	16.468473
110502	16.890612
110503	17.991941
110504	18.60186
110505	10.22713
110506	15.751204
110507	15.686813
110508	19.371431
110509	16.877401
110510	19.307772
110511	20.54538
110512	16.783688
110513	19.848017
110514	22.330097
110515	18.803541
110516	22.503027
110517	17.102583
110518	13.615296
110601	21.480648
110602	19.747816
110603	15.11672
110604	15.761979
110605	19.474194
110701	18.642553
110702	22.798115
110703	23.274094
110704	26.940638
110705	24.057262
110706	24.16332
110707	22.502075
110709	25.0
110710	24.8
110711	24.554184
110712	23.913044
110713	23.284822
110714	23.971376
110715	29.815638
110716	25.0
110801	9.004771
110802	21.505728
110804	9.215355
110805	12.5916395
110806	19.09011
110807	14.401847
110808	17.66133
110809	15.658775
110810	17.19468
110811	14.357127
110812	17.055803
110814	12.624974
110815	19.800833
110816	21.09327
120101	13.807742
120102	20.15544
120103	13.834681
120104	13.49326
120105	14.779017
120106	12.02641
120107	15.360123
120108	15.987963
120109	20.943624
120110	19.913118
120111	15.974304
120112	19.952219
120113	20.80091
120115	17.374304
120201	21.382895
120202	13.141343
120203	12.272481
120204	20.303171
120205	13.292694
120208	18.120558
120301	19.755726
120302	19.800377
120303	21.70779
120304	18.637274
120305	27.736547
120306	16.28866
120307	28.853756
120308	21.05644
130101	14.609094
130102	15.489134
130103	20.313839
130104	22.58953
130105	17.634787
130106	16.371902
130107	19.41307
130108	21.687082
130109	18.55673
130110	17.448248
130111	19.664377
130112	17.141605
130113	17.722052
130201	18.970425
130202	22.2342
130203	16.833035
130204	10.181648
130205	16.453562
130206	14.129021
130207	14.683454
130208	19.563337
130301	19.81376
130302	16.265995
130303	19.135717
130304	17.72625
130305	19.851412
130306	21.689514
130307	21.572456
130308	21.587967
130309	20.136036
130310	20.265097
130313	17.625626
130314	20.67414
130315	-32.68461
130316	17.049686
130317	24.487642
130401	10.974344
130402	15.417008
130403	19.162258
130404	12.881051
130405	18.281265
130407	22.07268
140803	24.937407
300101	17.33444
300102	29.41726
300103	30.058653
300104	36.628735
300105	31.558567
300106	31.56847
300107	34.161343
300109	31.616343
300110	32.260796
300111	35.51859
300112	35.222225
300113	25.416132
300114	32.01581
300115	31.220564
300116	30.5407
300117	38.28533
300118	30.508474
300121	36.697247
300201	32.973503
300202	33.10981
300203	31.949
300205	31.882868
300206	31.631342
300207	29.633545
300208	36.328125
300209	29.994673
300210	24.776922
300301	21.563126
300302	21.752987
300303	27.004665
300304	29.4702
300305	27.392017
300307	18.428415
300408	31.011433
300409	29.488293
300410	39.840282
300411	33.422817
300412	21.802637
300413	34.02062
300414	30.113115
300416	21.38709
300417	40.0
300418	29.911661
300420	17.339247
300422	22.696388
300423	23.963789
300424	23.920273
300425	34.343433
300426	21.68985
300427	19.170403
300428	25.446915
300501	27.68473
300502	26.042961
300503	28.762543
300504	21.106369
300507	32.692307
300601	25.952381
300602	31.879866
300603	31.465649
300604	33.95649
300605	29.684505
300606	33.418816
300607	31.986532
300608	32.927185
300609	34.33344
300610	31.019348
300611	22.73895
300612	31.880054
300613	27.367577
300614	29.061958
300701	20.632822
300702	20.74833
300703	26.209253
300704	19.753643
300705	24.143944
300706	26.172178
300707	22.304068
300708	21.519205
300709	18.437975
300711	27.229155
300712	23.121946
300713	24.7095
300714	25.719643
300716	21.954308
300801	20.210276
300802	23.461515
300803	24.321608
300804	21.824104
300805	20.928371
300806	24.232992
300807	21.481482
300808	27.362886
300904	33.414043
300905	41.153374
301002	34.177216
320101	18.418465
320102	23.525074
320103	22.163559
320104	23.563286
320106	31.606474
320107	21.390903
320108	8.110198
320201	19.501417
320202	22.972198
320203	26.873156
320204	31.890419
320205	26.761078
320206	25.598797
320301	26.526775
320303	20.621931
320304	23.894299
320306	28.6927
320308	24.284073
320309	24.258364
320310	27.149986
320401	25.891373
320402	23.512093
320403	23.81764
320404	21.624575
320405	26.984129
320406	21.228342
320407	25.44455
320408	20.878136
320409	21.883945
320410	27.053139
320411	17.950165
320501	24.282578
320502	22.753664
320503	25.405375
320506	24.885105
320507	24.372004
320508	25.83293
320509	26.621443
320510	24.430243
320601	40.268456
320602	22.928709
320606	24.390926
320703	30.337078
320704	29.522514
320801	22.958904
320803	26.666668
320804	26.115776
320903	28.495842
320904	21.383648
321003	28.347534
321004	35.59802
321101	31.688122
321102	27.448978
321103	25.287357
321203	28.373539
321301	22.127047
321302	29.86741
321303	27.319023
321304	24.136532
321305	28.747665
321307	27.275604
321308	23.063482
340101	-50.282486
470101	16.02071
470102	17.035929
470103	16.41503
470105	15.895903
470106	15.938774
470107	17.990871
470108	10.61294
470109	15.840393
470110	17.475033
470201	19.334003
470202	17.530758
470203	17.378096
470204	15.1439295
470205	17.32629
470206	17.392036
470207	17.8253
470208	18.1124
470209	14.125
470210	17.514511
470211	19.16199
470212	17.479536
470213	15.466666
470301	17.265158
470302	11.934156
470305	20.64815
470307	13.097074
470401	17.352734
470402	15.465553
470403	17.572891
470404	17.730267
470405	16.48936
470406	21.052631
470501	17.530212
470502	18.747458
470504	17.891676
470505	17.50742
470601	19.085936
470602	18.531542
470603	13.177159
470604	17.117117
470606	19.346733
470607	21.296297
470609	16.726727
470610	15.725806
470611	18.434124
470612	17.199303
470613	17.676212
470701	19.943819
470702	19.227152
500101	32.86975
500102	22.790989
500103	28.333946
500105	31.526829
500106	31.947731
500107	29.834255
500108	40.789967
500109	30.540907
500110	32.64605
500111	33.760227
500112	33.279182
500115	29.465055
500117	33.20611
500118	32.038834
500119	30.538923
500201	2.4270694
500202	2.6031723
500203	8.541906
500204	12.9237995
500205	21.88796
500206	15.069631
500207	15.743935
500208	8.072535
500209	12.738146
500210	3.1939864
500211	29.166666
500212	8.883028
500301	23.473757
500302	25.90758
500303	31.03469
500304	24.006958
500305	29.02477
500306	29.749727
500307	18.920097
500308	26.03611
500309	20.288197
500310	26.08837
500311	20.17013
500312	33.333336
500313	20.673344
500315	22.38562
500316	25.793213
500317	13.168076
500318	28.192112
500319	27.219423
500320	25.791702
500321	29.081635
500322	24.838411
500323	30.011602
500325	25.675674
500326	28.75494
500332	24.167528
500333	30.972326
500334	32.153393
500335	28.57143
500339	26.598703
500341	23.235092
500343	32.71028
500344	32.731647
500345	21.732285
500346	23.086515
500347	24.535316
500348	30.666668
500349	29.36803
500402	30.419865
500403	30.641058
500404	33.73213
500405	31.958761
500406	27.0956
500407	25.767231
500408	19.810654
500409	30.000002
500412	29.5858
500414	27.973198
500416	27.861162
500417	30.822712
500418	27.6572
500419	22.193926
500501	24.944197
500502	29.929432
500503	27.966568
500504	29.357798
500506	29.51417
500509	31.02978
500510	32.40308
500511	27.535036
500513	31.111113
500514	22.683626
500515	26.618704
500516	28.517109
500517	31.506847
500518	23.484343
500520	14.531239
500521	26.947222
500525	30.952381
500526	27.818329
500527	29.108486
500529	29.42029
500531	21.445782
500534	28.558952
500535	28.777239
500537	30.069124
500538	14.948322
500539	29.750237
500540	28.307188
500541	26.833979
500542	28.156694
500544	26.679474
500545	26.501122
500546	30.626926
500547	24.266666
500548	31.38726
500549	26.804123
500553	27.773901
500554	25.498259
500555	26.285713
500556	29.13386
500558	26.726458
500559	28.005907
500560	27.839453
500561	28.522243
500562	28.957975
500564	25.629341
500601	26.958889
500602	28.039894
500603	27.606157
500604	22.595102
500605	26.30662
500606	25.710293
500608	20.944244
500609	34.2723
500701	29.486326
500702	30.348572
500703	29.917044
500705	26.322811
500707	27.27
500708	27.417976
500709	29.62844
500711	26.822142
500802	27.735298
500803	16.106056
500804	15.215166
500805	30.355915
500806	29.780382
500807	27.89799
500808	26.312817
500810	19.866444
500811	28.20742
500901	23.753046
500902	19.59799
500903	27.583717
500905	34.237637
501001	27.850351
501002	28.73629
501003	29.818237
501004	27.141714
501005	28.911665
501101	29.237244
501102	28.261444
501103	23.27874
501104	26.203209
501105	24.110722
501106	24.392439
501107	24.253222
501108	29.718876
501109	33.27068
501110	24.991917
501112	27.777779
501114	26.099705
501115	27.272728
501116	26.470589
501117	19.950739
501118	21.623672
501119	24.528303
501120	29.136253
501122	20.869093
501123	25.194025
501124	23.017107
501125	23.461311
501126	22.37443
501127	26.197668
501128	29.347824
501129	26.359991
501130	30.434782
501131	30.128857
501132	32.281555
501133	28.196148
501134	26.842106
501135	30.567083
501136	17.35859
510101	24.672424
510103	22.284395
510104	20.993889
510105	23.046957
510108	29.326513
510109	29.969715
510110	26.599745
510113	22.707024
510114	21.775011
510116	23.383509
510117	26.956522
510118	28.058294
510119	28.510117
510120	23.143873
510121	24.46184
510122	25.063938
510123	26.509186
510124	25.6922
510201	26.637823
510202	28.125282
510204	27.652174
510205	33.492146
510301	30.521473
510302	28.347656
510303	29.608541
510304	29.790731
510305	30.0312
510306	32.07547
510308	31.634554
510309	32.07547
510310	35.860058
510311	28.21101
510312	32.91904
510313	33.205376
510314	31.117981
510315	32.731636
510316	29.787233
510317	31.280972
510318	34.12817
510319	34.78629
510321	32.343586
510322	36.0
510325	35.078316
510326	21.421675
510327	31.552118
510328	32.0
510329	29.69343
510401	30.01409
510402	24.536451
510403	28.88889
510404	24.612354
510407	32.306107
510408	27.909887
510409	27.764126
510410	28.467155
510411	27.234539
510412	25.989944
510413	29.018581
510414	30.071753
510415	30.419783
510416	33.333336
510417	30.010483
510418	28.260479
510419	29.433228
510420	27.80313
510422	26.4986
510424	28.158363
510425	30.47673
510427	29.495552
510428	29.424084
510501	30.221611
510502	30.351439
510503	32.689655
510505	26.53832
510506	33.80404
510507	28.115726
510508	30.125523
510510	32.27848
510512	28.899246
510513	33.42618
510515	31.279621
510518	30.78261
510519	32.71845
510521	29.743591
510522	28.803333
510524	28.60714
510525	15.429462
510526	27.878788
510527	31.603941
510529	32.104935
510530	31.523434
510531	30.51576
510532	27.461142
510533	27.450981
510535	32.89546
510538	30.212234
510539	30.035555
510607	29.473682
520101	30.485668
520102	29.69309
520103	28.656715
520105	29.06588
520107	29.012922
520108	32.060062
520111	29.054054
520112	30.977444
520113	26.16345
520114	31.397259
520115	30.555555
520116	35.672516
520119	25.964203
520120	29.330353
520121	28.333527
520122	29.867935
520123	32.986908
520124	32.232346
520125	31.738436
520126	32.090153
520133	28.493605
520134	31.14035
520135	35.11628
520137	31.288612
520139	31.668797
520141	31.522083
520142	30.254778
520144	23.644798
520201	29.63251
520202	29.785442
520203	32.765106
520204	31.5085
520205	30.463255
520206	34.40291
520208	31.685247
520209	30.766481
520210	29.446455
520211	29.601992
520213	30.271566
520215	30.967743
520220	33.459717
520221	30.234396
520222	23.066216
520226	25.034437
520227	34.300087
520228	23.841658
520230	30.624666
520231	28.432459
520232	33.42031
520234	20.650248
520301	30.000002
520302	28.243021
520303	28.861788
520304	28.55507
520305	28.045113
520308	29.729292
520309	33.851467
520310	28.263336
520311	28.24422
520314	33.71035
520316	32.08296
520317	32.72112
520319	32.93899
520320	28.970629
520321	37.869823
520322	31.431536
520324	30.474934
520325	17.681551
520327	31.320753
520328	26.555199
520401	30.594042
520402	29.527012
520403	22.129948
520404	27.826086
520405	31.077105
520406	33.413925
520407	23.694778
520409	32.66187
520410	27.907314
520414	30.129236
520415	34.677418
520417	31.832203
520419	29.1894
520420	34.965645
520422	35.849056
520423	45.77803
520424	32.68903
520425	29.265823
520426	30.244314
520431	20.103092
520433	27.097893
520434	26.530611
520436	34.670418
520437	28.269478
520440	31.465277
520441	35.504887
520442	28.989025
520443	26.34164
520444	29.478138
520446	33.35735
520448	28.937868
520452	16.306475
520457	15.737349
520459	30.917328
520460	33.76206
520463	28.067701
520464	31.526104
520465	19.561989
520466	26.668251
520469	25.877792
520470	32.44804
520471	28.084606
520472	25.394762
520473	25.342735
520501	30.186235
520502	33.430656
520503	30.406025
520504	32.797752
520505	25.609756
520508	31.801277
520509	27.542374
520510	31.525066
530101	15.888648
530102	16.417137
530103	16.12991
530104	23.384718
530105	15.659232
530106	26.578575
530107	20.624321
530108	27.811169
530109	27.12647
530110	13.316545
530111	21.278488
530112	21.783194
530113	21.741245
530114	14.705973
530116	15.329763
530117	15.48287
530119	16.492357
530120	22.631777
530122	3.6101084
530123	15.731401
530125	17.664595
530126	26.907349
530130	22.91052
530132	31.271479
530133	31.818182
530201	20.562963
530202	19.02843
530203	20.573013
530204	21.61368
530205	23.481884
530206	22.500235
530207	23.057415
530208	27.358923
530209	13.453887
530210	17.419355
530211	25.911077
530212	17.60049
530213	24.50679
530215	22.5281
530217	22.753548
530219	23.06155
530220	19.172567
530221	24.0249
530222	26.914183
530223	25.08834
530225	27.187815
530226	25.0
530227	16.374125
530228	17.69132
530301	10.897356
530302	11.330321
530303	15.857794
530304	26.045015
530401	11.019286
530402	12.742999
530403	6.571842
530404	12.266812
530405	14.157256
530406	11.26576
530407	4.873136
530408	9.110008
530409	22.768698
530410	22.285767
530411	-1.7966436
530412	17.28569
530414	30.212767
530501	19.19919
530502	19.355494
530503	20.003582
530504	19.84296
530505	12.031056
530506	18.505943
530601	17.103508
530602	22.388025
530603	16.954985
530604	15.049116
530605	25.66894
530606	25.384918
540101	25.406698
540102	21.801434
540103	27.396795
540104	29.187588
540107	32.44898
540108	29.476965
540109	29.489386
540110	20.37279
540112	26.181816
540113	28.10563
540114	14.310646
540115	27.491516
540116	25.708178
540117	29.297104
540119	30.686014
540201	29.221064
540202	28.422132
540203	22.953552
540204	28.56812
540205	29.475307
540206	28.174643
540207	29.937923
540209	25.258816
540210	14.787256
540211	25.669613
540212	31.530008
540213	31.912304
540214	14.851485
540215	28.40341
540216	29.56216
540217	21.772385
540218	28.758171
540219	25.854162
540220	30.555555
540222	19.412865
540223	27.807486
540224	30.296406
540226	27.590027
540228	23.25478
540301	26.027397
540306	29.323309
540309	19.075146
540310	15.552428
540407	24.979658
540408	26.460955
540601	29.19765
540602	29.900333
540604	25.0
540605	28.092876
540606	26.305025
540607	29.259693
540608	31.818182
540609	28.661087
540610	19.588446
540611	28.86076
540612	27.82719
540613	27.176111
540615	30.609898
540616	31.460676
540617	29.181559
550104	34.19023
550302	14.45783
550502	29.662079
550508	31.578945
550612	29.292929
550703	31.111113
550716	21.348314
550718	27.419355
560101	18.132984
560102	12.615199
560103	15.360686
560104	13.8064785
560106	16.126316
560107	13.005395
560108	29.192125
560109	19.401731
560110	26.527893
560111	26.21305
560112	28.243446
560113	28.184599
560116	23.320364
560117	19.767717
560201	6.681591
560204	8.024857
560301	25.52135
560302	31.487888
560303	32.914574
560304	30.926264
560305	31.186441
560306	29.74442
560307	28.818611
560308	27.183365
560309	27.490908
560310	33.86167
560311	29.792908
560312	29.583042
560314	29.349592
560316	30.10306
560317	25.817854
560321	27.625772
560322	26.048962
560323	27.890703
560324	29.730713
560325	23.231495
560326	23.61111
560327	27.662218
560328	27.217215
560329	29.25654
560330	31.187773
560333	23.390287
560334	26.678043
560335	27.99822
560336	25.472551
560337	28.143003
560338	24.512535
560339	27.18866
560340	26.71875
560341	22.691156
560342	25.0
560343	31.911594
560344	27.134588
560345	26.697388
560346	34.666668
560348	27.562761
560349	25.180387
560350	30.000002
560351	27.26334
560356	24.533405
560357	28.167921
560358	28.15665
560359	29.442623
560360	27.573643
560401	11.899902
560402	5.676053
560403	6.4400225
560404	27.15061
560405	7.2383494
560406	24.97309
560407	26.542604
560408	33.989265
560409	28.378641
560502	8.433364
560504	26.640488
560507	21.57245
560509	31.769382
560513	27.759197
560515	34.02367
560516	36.127743
560517	29.709393
560518	29.11207
570101	30.55742
570102	23.42587
570103	21.042196
570104	30.82153
570105	33.333336
570106	30.145567
570107	30.047861
570108	28.455141
570201	29.436129
570202	25.714287
570204	28.380882
570205	27.16836
570206	31.749817
570210	27.19752
570211	22.974323
570212	30.913383
570213	22.727274
570301	29.405176
570302	31.566229
570303	32.328632
570304	31.651562
570305	29.484304
570306	29.44659
570307	30.745274
570308	26.06335
570309	31.98169
570310	29.886591
570311	27.000084
570314	29.540094
570315	27.02879
570401	30.385899
570402	27.68465
570403	27.961391
570404	25.87791
570405	26.087738
570406	31.330473
570407	28.482079
570408	30.36551
570413	30.662458
570414	31.449032
570415	31.571726
570416	29.61046
570417	29.7867
570418	33.043476
590102	40.239044
590103	30.661434
590104	27.063128
590105	46.712017
590106	48.659004
590108	33.66501
590109	27.659575
590202	44.78458
590203	27.351454
590204	28.312662
590206	32.07547
590208	28.132387
590211	25.738943
590301	16.29872
590302	16.723356
590303	30.051813
590304	29.442972
590305	29.322767
590307	23.829533
590309	30.627308
590310	21.299858
590311	25.926178
590312	18.072235
590317	34.285717
590318	25.853909
590319	19.51797
590402	18.390804
590501	27.101475
590502	27.94376
590504	37.67222
590505	28.636364
590506	26.627096
590507	27.414188
590512	25.838926
590514	20.536463
590515	22.765884
590516	7.76845
590517	37.437603
590519	26.00887
590521	26.251846
590522	25.151005
590523	28.093645
590525	27.710842
590527	25.856697
590528	29.6
590531	22.948423
590601	28.924599
590603	25.630497
710101	17.497244
710102	28.319407
710201	19.581396
710202	21.622078
710203	13.742889
710301	8.6260805
710302	23.476864
710401	32.352943
710402	21.843687
710501	17.408304
710502	14.001259
710601	20.679886
710603	22.844942
710604	11.787735
710605	13.231492
710701	13.580246
710703	11.548392
710704	18.486809
710705	13.077336
710801	6.8960166
710802	8.577638
710803	18.307398
710901	8.623087
710902	8.623087
711103	19.130783
711201	13.659288
711203	25.656822
711302	28.83721
711303	29.90815
711304	23.27501
711305	26.31117
711307	31.932774
711310	11.725976
711311	28.56757
711314	27.190456
711321	23.907011
711402	12.060811
711405	7.25
711409	-28.387823
711501	12.6663685
711502	8.137139
711601	18.307434
711602	24.923927
711701	14.369759
711702	9.325113
711801	14.283628
711901	20.01839
711902	11.897244
712001	32.69714
712102	14.389883
712201	19.299564
712401	26.571428
712501	13.509194
712502	19.294117
712503	13.036375
712504	18.519352
712505	11.058798
712601	28.460037
712701	11.838588
712802	1.6814159
712901	22.487623
712902	14.409111
712903	22.258415
713001	10.522481
713101	31.520748
713102	24.8917
713305	30.402931
713901	6.9863906
713902	18.147087
714005	24.007286
714008	8.030496
714010	20.711744
714012	14.446486
714101	10.29892
714102	14.057797
714601	3.0552263
714701	24.060663
714901	9.933284
715001	2.4178677
715002	8.568197
715111	5.174755
715401	18.341093
715609	9.263732
715701	6.6066065
715903	29.068577
715911	17.15537
716101	26.551598
720101	27.906557
720102	28.037441
720104	28.407711
720105	29.446936
720106	26.739927
720107	34.979424
720109	31.279621
720111	28.029198
720113	31.72691
720115	32.39544
720116	37.73148
720117	30.38168
720118	23.384289
720120	27.281567
720122	19.945639
720123	31.330473
720124	33.9779
720126	34.666668
720129	31.1952
720130	24.53102
720131	32.511738
720132	27.937916
720133	29.618095
720134	31.958761
720135	25.381718
720136	28.053185
720137	31.179138
720201	29.859718
720202	32.53012
720203	35.2518
720204	31.654676
720205	31.67617
720207	27.839115
720208	27.471697
720209	35.089462
720210	24.196598
720211	30.390491
720212	26.82927
720214	29.487917
720215	31.376919
720216	30.948553
720217	30.783567
720218	30.335655
720219	22.936764
720221	24.186747
720222	13.595934
720224	33.408894
720225	26.022488
720226	29.997513
720301	29.04964
720302	26.9073
720303	26.862823
720304	24.708242
720305	36.186516
720306	29.474466
720307	29.258823
720308	29.079023
720309	32.677166
720310	26.907703
720311	29.098362
720312	21.820356
720313	28.418318
720314	27.862177
720316	32.968815
720317	29.479769
720318	28.977823
720402	27.281649
720403	31.978321
720404	18.518518
720405	35.842293
720410	33.217995
720501	28.525719
720502	28.971344
720503	30.974977
720504	19.300383
720505	31.549295
720506	27.280396
720507	1.1468356
720508	26.72427
720509	25.488659
720510	25.605762
720511	23.175964
720512	33.300148
720514	28.178764
720515	9.608468
720516	28.837719
730101	27.44537
730102	24.902597
730103	25.181377
730104	24.446651
730105	24.257719
730106	25.373135
730107	23.043413
730108	28.287292
730109	25.983313
730110	31.578945
730111	32.342007
730113	28.51015
730114	18.171806
730115	24.409449
730117	25.210085
730120	30.769232
730121	26.139534
730122	15.949388
730125	22.752111
730130	23.076923
730132	30.434782
730134	29.411766
730135	26.944756
730136	26.121372
730137	28.57143
730144	31.326645
730145	27.554083
730150	21.39219
730201	28.529358
730202	31.801334
730203	29.132175
730204	30.487806
730205	32.5
730206	23.75
730207	31.578945
730208	28.111113
730301	27.63299
730302	25.687075
730303	19.260893
730304	26.181816
730306	32.654793
730307	30.952381
730309	29.490078
730310	17.796576
730311	31.995132
730312	18.414255
730313	17.514961
730314	24.5497
730315	28.770798
730317	28.6927
730319	25.754776
730320	25.977787
730322	30.255058
730323	19.782213
730326	29.148466
730401	21.236292
730403	27.36842
730404	25.311205
730415	26.701569
730502	19.703003
730503	10.129235
730504	28.728146
730505	27.272728
730508	25.36282
730509	27.380953
730602	18.502598
730603	17.808495
730604	20.568129
730608	14.120513
730609	27.21749
730610	14.814815
730701	28.57143
730702	19.18359
730703	15.76622
730704	12.235678
730705	19.420538
730706	8.580874
730708	27.465994
730709	27.10325
730710	34.798534
730714	25.869686
730715	19.12406
730716	19.969904
730718	19.764956
730719	23.489897
730720	16.842352
730801	19.80217
730802	21.55119
730804	12.68537
730805	29.292929
730901	19.47034
730907	25.639788
731006	26.25973
731009	19.353176
731010	23.825731
731106	29.954954
731201	17.04907
731202	21.387192
731301	23.451992
731302	9.368347
731303	26.001299
731304	24.72057
731305	24.246574
731307	24.78551
740101	29.62963
740102	27.051443
740103	29.787233
740104	33.704613
740105	24.226652
740106	27.72932
740201	30.173483
740202	29.765886
740203	29.765886
740204	31.607632
740205	27.114529
740206	31.646242
740207	32.039433
740301	30.063967
740303	31.684334
740304	36.808617
740305	38.15629
740306	30.099546
740401	33.203884
740402	36.59601
740503	32.960896
740504	31.082653
740604	26.421404
740605	28.534704
740606	30.57111
740607	31.323284
740801	29.109365
740802	30.891558
740803	30.63474
740804	27.240976
740805	25.790756
740806	19.439728
740807	31.503435
750101	30.691204
750102	31.817924
750103	28.295555
750104	18.633081
750105	27.692308
750106	25.701088
750202	21.629383
750302	25.869263
750506	15.375383
750508	-0.47751692
750510	14.953216
750701	18.773512
750802	26.108376
750804	33.110367
750807	19.69615
750811	15.053764
750813	28.73051
750814	32.021057
750902	30.015553
751001	24.670433
751004	23.542042
751005	33.73494
751101	24.516483
751201	27.287066
751202	29.199186
751203	25.733015
751204	28.819016
751205	28.57143
751206	23.00074
751207	48.239838
751208	27.599611
760101	28.733753
760102	30.629671
760103	31.307808
760104	26.279242
760105	35.385406
760106	32.098763
760107	28.400316
760108	33.821377
760109	29.854225
760110	26.454294
760111	30.000956
760112	53.83679
760113	36.786655
760114	32.145172
760115	26.525208
760116	26.179691
760117	33.37355
760118	31.553995
760119	29.69219
760120	31.639263
760121	31.684553
760122	31.38614
760123	29.791393
760124	32.7818
760125	29.82456
760126	23.11213
760127	27.759197
760128	27.9476
760129	27.8481
760130	32.473446
760131	29.72973
760132	24.023554
760134	33.846153
760135	10.57205
760136	24.725563
760137	26.383526
760138	37.77778
760140	30.126492
760141	26.82927
760142	34.061455
760143	18.819504
760145	31.767496
760146	27.920517
760147	26.498714
760148	29.749716
760149	30.107529
760151	27.250374
760152	30.755127
760153	30.060122
760154	31.428572
760155	21.512184
760156	27.377522
760157	34.644478
760158	29.251543
760159	31.355932
760162	26.937738
760163	24.179735
760164	29.738426
760165	26.892307
760166	35.10638
760167	36.879864
760168	33.333336
760169	27.19486
760170	28.43445
760171	34.358974
760172	22.527473
760173	28.57143
760176	30.145529
760178	35.897438
760179	32.65306
760182	27.8481
760183	26.437128
760184	28.57143
760186	33.05509
760188	28.103369
760189	24.976076
760190	31.707317
760191	24.71401
760194	27.071825
760196	35.41915
760201	28.498205
760202	29.586163
760203	25.306898
760204	32.63889
760205	26.896778
760207	34.756702
760208	29.739153
760209	26.777065
760210	25.878433
760211	27.723694
760212	32.635643
760213	28.421053
760214	29.065805
760216	28.717365
760217	29.090908
760218	29.104794
760219	27.709684
760220	23.069195
760221	29.072226
760223	30.502392
760224	28.258286
760225	29.519173
760226	27.542728
760227	27.881367
760228	29.067245
760229	27.656475
760230	29.909765
760231	26.303854
760232	30.047602
760233	30.870083
760234	26.976744
760235	27.435001
760301	27.841774
760302	31.291998
760303	32.767765
760304	37.5
760305	31.977097
760306	32.910545
760307	35.496185
760308	36.059483
760402	24.926207
760404	30.769232
760405	30.952381
760406	30.437153
760409	27.097267
760411	33.454926
760502	29.127779
760503	29.072262
760504	23.613129
760505	27.293509
760506	29.282955
760507	30.018871
760508	31.25
760509	28.730274
760510	29.25441
760511	26.05042
760512	31.212
760513	35.56747
760514	31.282536
760515	25.0
760516	32.67554
760517	31.640083
760518	24.85294
760519	27.720291
760520	29.15346
760522	30.143541
760523	23.877161
760524	30.213121
760525	26.840855
760526	29.72793
760527	34.828995
760528	30.488693
760529	30.784983
760530	28.920609
760531	33.333336
760534	22.971415
760535	27.6609
760536	28.324226
760537	27.892271
760538	25.346226
760539	28.961342
760540	30.421299
760541	27.942074
760542	31.520315
760543	31.353134
760544	30.52789
760545	29.493353
760546	29.677027
760548	32.663197
760549	29.338472
760550	28.876713
760551	31.32975
760552	27.297297
760553	27.42146
760554	28.669024
760555	31.537708
760556	31.088717
760557	30.073149
760560	31.95122
760561	26.548407
760562	31.277534
760563	24.818151
760564	24.647804
760565	25.560537
760569	27.994846
760570	24.394999
760574	20.33313
760575	29.407352
760576	20.867006
760577	27.543274
760578	24.703455
760579	36.052204
760580	21.031614
760581	31.147867
760582	19.332405
760583	27.611399
760584	27.063793
760586	29.956526
760587	26.93493
760588	29.77528
760589	25.28445
760590	34.782608
760591	25.238096
760592	32.3935
760593	4.004651
760594	23.838385
760597	8.327138
760598	26.182964
760599	28.767124
760600	28.57143
760601	27.079615
760602	25.36456
760603	25.518242
760604	26.834864
760606	29.453682
760607	26.05042
760608	30.149254
760609	28.315008
760613	23.706896
760614	27.798742
760616	20.660147
760617	32.8614
760618	28.55638
760619	32.309677
760620	32.89842
760621	27.62431
760622	24.539202
760623	30.819298
760624	28.143713
760625	31.13449
760626	32.682926
760629	28.57143
760630	31.25
760631	29.845655
760632	33.636364
760633	31.62802
760634	18.165993
760635	29.143896
760636	25.908106
760637	23.311007
760638	42.874397
760639	29.429161
760640	33.714638
760641	30.093447
760642	28.251564
760643	32.6778
760644	30.777138
760645	20.845247
760646	28.030535
760647	31.387964
760648	27.710842
760649	35.219852
760650	30.2421
760652	27.8481
760653	30.216799
760654	22.155289
760655	16.808834
760656	31.253069
760657	33.577667
760659	29.042873
760661	23.078176
760662	32.774452
760663	27.209705
760664	28.976917
760668	27.790434
760669	28.37037
760670	16.57754
760675	32.295918
760677	34.857143
760681	28.04817
760682	28.57143
760686	30.540243
760687	24.40525
760702	31.535658
760703	26.295584
760705	24.637682
760706	31.248045
760707	33.130733
760708	33.304867
760711	28.892454
760716	27.96286
760718	37.5
760724	26.932085
760725	32.5
760726	28.525124
760730	35.209423
760734	33.78432
760735	28.669882
760736	35.57423
760738	30.379745
760739	28.276878
760750	42.74068
760752	33.769505
760756	27.712336
760757	31.192661
760807	30.425674
760809	27.839275
760810	27.011553
760901	32.81475
760904	28.528973
760906	28.199505
760908	35.184742
760909	24.982487
760910	28.315413
760912	29.103327
760913	32.300884
760914	24.989758
760915	22.486416
760916	27.131784
760917	19.730326
760919	27.539736
760920	20.475739
760922	27.163033
760923	29.349869
760927	22.887506
760928	32.493248
760929	30.981346
760930	24.311928
760931	40.345215
760932	30.668482
760933	28.796083
760934	21.017908
760935	28.78412
760936	27.731276
760938	25.07142
760941	27.095991
760942	31.464682
760943	34.807735
760944	32.885906
760945	32.885906
760948	23.690886
760949	38.78866
760950	34.975426
760951	28.77416
760952	15.456475
760953	30.24619
761002	26.86145
761003	29.42943
761004	38.838474
761005	28.005114
761006	32.071712
761007	34.29257
761008	26.256985
761010	30.685844
761011	24.942265
761101	22.899942
761102	21.817564
761103	20.276443
761104	23.534103
761105	23.69338
761106	25.777779
761107	19.261822
761108	25.95705
761109	7.3015876
761110	25.892857
761111	13.888889
761112	18.303215
761113	20.0
761115	32.954884
761116	18.267832
761117	21.254568
770107	33.535107
770131	33.333336
780101	30.022573
780102	22.038584
780103	27.49004
780104	23.14953
780105	22.933332
780107	23.371456
780109	27.807486
780110	22.611744
780111	24.336794
780202	15.147092
780205	14.164482
780301	30.917591
780303	29.213482
780306	24.826523
780401	33.299797
780402	26.860842
780403	24.13116
780404	29.523212
780405	26.453232
780406	27.631578
780408	29.863014
780409	31.111113
780501	20.442085
780503	28.57143
780504	28.933025
780505	35.52935
780506	24.037838
780507	30.4
780508	30.430893
780509	18.80342
780510	28.893269
