100101	15.36
100102	15.98
100103	20.44
100104	22.34
100105	21.35
100106	17.34
100107	16.8
100108	18.48
100109	13.15
100110	19.58
100111	23.69
100112	16.71
100113	21.29
100201	15.13
100202	16.91
100203	20.23
100204	18.3
100205	16.43
100206	25.7
100207	7.83
100208	12.45
100209	19.22
100210	15.76
100211	19.31
100212	16.56
100213	14.55
100214	15.89
100215	13.09
100216	20.31
100217	17.47
100218	18.56
100301	17.63
100302	19.33
100303	18.49
100304	19.37
100305	20.55
100306	15.66
100307	22.36
100308	16.39
100309	19.67
100310	20.54
100311	14.27
100312	10.51
100313	19.63
100314	16.96
100315	20.5
100316	22.29
100317	16.75
100318	17.73
100319	14.99
100320	19.49
100321	21.64
100322	12.28
100323	20.23
100324	22.91
100325	18.74
100401	7.7
100402	10.32
100403	11.12
100405	14.89
100406	15.2
100407	15.54
100408	17.78
100409	21.3
100410	23.34
100411	20.68
100413	13.27
100414	17.48
100415	17.76
100416	16.03
100417	24.22
100418	21.38
100419	13.38
100420	14.27
100421	24.41
100422	21.02
100423	21.12
100424	16.73
100425	20.67
100426	21.88
100427	18.69
100428	19.28
100429	23.63
100430	10.09
100431	11.78
100432	16.47
100433	17.48
100434	17.35
100436	7.6
100437	9.02
100438	11.11
100439	7.83
100440	19.37
100441	17.84
100442	14.95
100443	15.72
100444	19.12
100501	17.03
100502	22.0
100503	14.22
100504	8.13
100505	12.22
100506	19.14
100507	15.63
100508	4.6
100509	12.0
100510	15.51
100511	23.3
100512	11.42
100513	8.22
100514	14.39
100515	17.68
100516	4.84
100517	13.55
100601	9.97
100602	26.31
100603	9.03
100604	14.88
100605	21.75
100606	10.68
100607	17.19
100608	16.75
100609	19.11
100610	10.18
100611	23.3
100612	18.87
100613	26.89
100614	16.57
110102	21.78
110103	12.25
110105	16.04
110106	-14.37
110107	7.28
110108	2.17
110109	11.54
110110	7.04
110111	8.03
110112	14.12
110113	15.08
110114	15.49
110115	18.67
110116	14.4
110117	4.63
110118	16.89
110119	15.22
110120	16.6
110121	16.13
110122	18.21
110123	19.53
110124	20.78
110125	21.63
110126	21.74
110127	23.31
110128	23.96
110129	18.45
110131	18.97
110132	22.93
110133	22.93
110134	21.79
110135	25.16
110136	17.59
110137	9.68
110138	19.49
110142	21.38
110201	12.54
110202	17.02
110203	23.99
110204	19.45
110205	32.18
110206	21.49
110207	23.24
110208	25.95
110209	23.53
110210	22.76
110211	15.19
110212	18.25
110213	24.97
110214	21.69
110215	25.69
110217	-3.96
110218	21.29
110305	12.12
110306	22.3
110307	23.86
110308	20.29
110309	24.97
110310	22.04
110311	17.85
110312	13.84
110313	20.68
110314	20.73
110316	20.53
110317	13.96
110318	21.86
110322	19.78
110323	22.94
110326	23.94
110327	20.86
110331	23.15
110332	18.28
110333	16.85
110334	22.56
110335	21.18
110336	22.51
110338	23.29
110401	16.41
110402	16.27
110403	18.64
110404	18.63
110405	16.91
110406	15.47
110407	18.4
110408	20.34
110409	22.32
110410	18.9
110411	16.81
110412	22.02
110501	16.47
110502	16.89
110503	17.99
110504	18.6
110505	10.23
110506	15.75
110507	15.69
110508	19.37
110509	16.88
110510	19.31
110511	20.55
110512	16.78
110513	19.85
110514	22.33
110515	18.8
110516	22.5
110517	17.1
110518	13.62
110601	21.48
110602	19.75
110603	15.12
110604	15.76
110605	19.47
110701	18.64
110702	22.8
110703	23.27
110704	26.94
110705	24.06
110706	24.16
110707	22.5
110709	25.0
110710	24.8
110711	24.55
110712	23.91
110713	23.28
110714	23.97
110715	29.82
110716	25.0
110801	9.0
110802	21.51
110804	9.22
110805	12.59
110806	19.09
110807	14.4
110808	17.66
110809	15.66
110810	17.19
110811	14.36
110812	17.06
110814	12.62
110815	19.8
110816	21.09
120101	13.81
120102	20.16
120103	13.83
120104	13.49
120105	14.78
120106	12.03
120107	15.36
120108	15.99
120109	20.94
120110	19.91
120111	15.97
120112	19.95
120113	20.8
120115	17.37
120201	21.38
120202	13.14
120203	12.27
120204	20.3
120205	13.29
120208	18.12
120301	19.76
120302	19.8
120303	21.71
120304	18.64
120305	19.06
120306	16.29
120307	28.85
120308	21.06
130101	14.61
130102	15.49
130103	20.31
130104	22.59
130105	17.63
130106	16.37
130107	19.41
130108	21.69
130109	18.56
130110	17.45
130111	19.66
130112	17.14
130113	17.72
130201	18.97
130202	22.23
130203	16.83
130204	10.18
130205	16.45
130206	14.13
130207	14.68
130208	19.56
130301	19.81
130302	16.27
130303	19.14
130304	17.73
130305	19.85
130306	21.69
130307	21.57
130308	21.59
130309	20.14
130310	20.27
130313	17.63
130314	20.67
130315	-32.68
130316	17.05
130317	24.49
130401	10.97
130402	15.42
130403	19.16
130404	12.88
130405	18.28
130407	22.07
140803	24.94
300101	17.33
300102	29.42
300103	30.06
300104	36.63
300105	31.56
300106	31.57
300107	34.16
300109	31.62
300110	32.26
300111	35.52
300112	35.22
300113	25.42
300114	32.02
300115	31.22
300116	30.54
300117	38.29
300118	30.51
300121	36.7
300201	32.97
300202	33.11
300203	31.95
300205	31.88
300206	31.63
300207	29.63
300208	36.33
300209	29.99
300210	24.78
300301	21.56
300302	21.75
300303	27.0
300304	29.47
300305	27.39
300307	18.43
300408	31.01
300409	29.49
300410	39.84
300411	33.42
300412	21.8
300413	34.02
300414	30.11
300416	21.39
300417	40.0
300418	29.91
300420	17.34
300422	22.7
300423	23.96
300424	23.92
300425	34.34
300426	21.69
300427	19.17
300428	25.45
300501	27.68
300502	26.04
300503	28.76
300504	21.11
300507	32.69
300601	25.95
300602	31.88
300603	31.47
300604	33.96
300605	29.68
300606	33.42
300607	31.99
300608	32.93
300609	34.33
300610	31.02
300611	22.74
300612	31.88
300613	27.37
300614	29.06
300701	20.63
300702	20.75
300703	26.21
300704	19.75
300705	24.14
300706	26.17
300707	22.3
300708	21.52
300709	18.44
300711	27.23
300712	23.12
300713	24.71
300714	25.72
300716	21.95
300801	20.21
300802	23.46
300803	24.32
300804	21.82
300805	20.93
300806	24.23
300807	21.48
300808	27.36
300904	33.41
300905	41.15
301002	34.18
320101	18.42
320102	23.53
320103	22.16
320104	23.56
320106	31.61
320107	21.39
320108	8.11
320201	19.5
320202	22.97
320203	26.87
320204	31.89
320205	26.76
320206	25.6
320301	26.53
320303	20.62
320304	23.89
320306	28.69
320308	24.28
320309	24.26
320310	27.15
320401	25.89
320402	23.51
320403	23.82
320404	21.62
320405	26.98
320406	21.23
320407	25.44
320408	20.88
320409	21.88
320410	27.05
320411	17.95
320501	24.28
320502	22.75
320503	25.41
320506	24.89
320507	24.37
320508	25.83
320509	26.62
320510	24.43
320601	40.27
320602	22.93
320606	24.39
320703	30.34
320704	29.52
320801	22.96
320803	26.67
320804	26.12
320903	28.5
320904	21.38
321003	28.35
321004	35.6
321101	31.69
321102	27.45
321103	25.29
321203	28.37
321301	22.13
321302	29.87
321303	27.32
321304	24.14
321305	28.75
321307	27.28
321308	23.06
340101	-50.28
470101	16.02
470102	17.04
470103	16.42
470105	15.9
470106	15.94
470107	17.99
470108	10.61
470109	15.84
470110	17.48
470201	19.33
470202	17.53
470203	17.38
470204	15.14
470205	17.33
470206	17.39
470207	17.83
470208	18.11
470209	14.13
470210	17.51
470211	19.16
470212	17.48
470213	15.47
470301	17.27
470302	11.93
470305	20.65
470307	13.1
470401	17.35
470402	15.47
470403	17.57
470404	17.73
470405	16.49
470406	21.05
470501	17.53
470502	18.75
470504	17.89
470505	17.51
470601	19.09
470602	18.53
470603	13.18
470604	17.12
470606	19.35
470607	21.3
470609	16.73
470610	15.73
470611	18.43
470612	17.2
470613	17.68
470701	19.94
470702	19.23
500101	32.87
500102	22.79
500103	28.33
500105	31.53
500106	31.95
500107	29.83
500108	40.79
500109	30.54
500110	32.65
500111	33.76
500112	33.28
500115	29.47
500117	33.21
500118	32.04
500119	30.54
500201	2.43
500202	2.6
500203	8.54
500204	12.92
500205	21.89
500206	15.07
500207	15.74
500208	8.07
500209	12.74
500210	3.19
500211	29.17
500212	8.88
500301	23.47
500302	25.91
500303	31.03
500304	24.01
500305	29.02
500306	29.75
500307	18.92
500308	26.04
500309	20.29
500310	26.09
500311	20.17
500312	33.33
500313	20.67
500315	22.39
500316	25.79
500317	13.17
500318	28.19
500319	27.22
500320	25.79
500321	29.08
500322	24.84
500323	30.01
500325	25.68
500326	28.75
500332	24.17
500333	30.97
500334	32.15
500335	28.57
500339	26.6
500341	23.24
500343	32.71
500344	32.73
500345	21.73
500346	23.09
500347	24.54
500348	30.67
500349	29.37
500402	30.42
500403	30.64
500404	33.73
500405	31.96
500406	27.1
500407	25.77
500408	19.81
500409	30.0
500412	29.59
500414	27.97
500416	27.86
500417	30.82
500418	27.66
500419	22.19
500501	24.94
500502	29.93
500503	27.97
500504	29.36
500506	29.51
500509	31.03
500510	32.4
500511	27.54
500513	31.11
500514	22.68
500515	26.62
500516	28.52
500517	31.51
500518	23.48
500520	14.53
500521	26.95
500525	30.95
500526	27.82
500527	29.11
500529	29.42
500531	21.45
500534	28.56
500535	28.78
500537	30.07
500538	14.95
500539	29.75
500540	28.31
500541	26.83
500542	28.16
500544	26.68
500545	26.5
500546	30.63
500547	24.27
500548	31.39
500549	26.8
500553	27.77
500554	25.5
500555	26.29
500556	29.13
500558	26.73
500559	28.01
500560	27.84
500561	28.52
500562	28.96
500564	25.63
500601	26.96
500602	28.04
500603	27.61
500604	22.6
500605	26.31
500606	25.71
500608	20.94
500609	34.27
500701	29.49
500702	30.35
500703	29.92
500705	26.32
500707	27.27
500708	27.42
500709	29.63
500711	26.82
500802	27.74
500803	16.11
500804	15.22
500805	30.36
500806	29.78
500807	27.9
500808	26.31
500810	19.87
500811	28.21
500901	23.75
500902	19.6
500903	27.58
500905	34.24
501001	27.85
501002	28.74
501003	29.82
501004	27.14
501005	28.91
501101	29.24
501102	28.26
501103	23.28
501104	26.2
501105	24.11
501106	24.39
501107	24.25
501108	29.72
501109	33.27
501110	24.99
501112	27.78
501114	26.1
501115	27.27
501116	26.47
501117	19.95
501118	21.62
501119	24.53
501120	29.14
501122	20.87
501123	25.19
501124	23.02
501125	23.46
501126	22.37
501127	26.2
501128	29.35
501129	26.36
501130	30.43
501131	30.13
501132	32.28
501133	28.2
501134	26.84
501135	30.57
501136	17.36
510101	24.67
510103	22.28
510104	20.99
510105	23.05
510108	29.33
510109	29.97
510110	26.6
510113	22.71
510114	21.78
510116	23.38
510117	26.96
510118	28.06
510119	28.51
510120	23.14
510121	24.46
510122	25.06
510123	26.51
510124	25.69
510201	26.64
510202	28.13
510204	27.65
510205	33.49
510301	30.52
510302	28.35
510303	29.61
510304	29.79
510305	30.03
510306	32.08
510308	31.63
510309	32.08
510310	35.86
510311	28.21
510312	32.92
510313	33.21
510314	31.12
510315	32.73
510316	29.79
510317	31.28
510318	34.13
510319	34.79
510321	32.34
510322	36.0
510325	35.08
510326	21.42
510327	31.55
510328	32.0
510329	29.69
510401	30.01
510402	24.54
510403	28.89
510404	24.61
510407	32.31
510408	27.91
510409	27.76
510410	28.47
510411	27.23
510412	25.99
510413	29.02
510414	30.07
510415	30.42
510416	33.33
510417	30.01
510418	28.26
510419	29.43
510420	27.8
510422	26.5
510424	28.16
510425	30.48
510427	29.5
510428	29.42
510501	30.22
510502	30.35
510503	32.69
510505	26.54
510506	33.8
510507	28.12
510508	30.13
510510	32.28
510512	28.9
510513	33.43
510515	31.28
510518	30.78
510519	32.72
510521	29.74
510522	28.8
510524	28.61
510525	15.43
510526	27.88
510527	31.6
510529	32.1
510530	31.52
510531	30.52
510532	27.46
510533	27.45
510535	32.9
510538	30.21
510539	30.04
510607	29.47
520101	30.49
520102	29.69
520103	28.66
520105	29.07
520107	29.01
520108	32.06
520111	29.05
520112	30.98
520113	26.16
520114	31.4
520115	30.56
520116	35.67
520119	25.96
520120	29.33
520121	28.33
520122	29.87
520123	32.99
520124	32.23
520125	31.74
520126	32.09
520133	28.49
520134	31.14
520135	35.12
520137	31.29
520139	31.67
520141	31.52
520142	30.25
520144	23.64
520201	29.63
520202	29.79
520203	32.77
520204	31.51
520205	30.46
520206	34.4
520208	31.69
520209	30.77
520210	29.45
520211	29.6
520213	30.27
520215	30.97
520220	33.46
520221	30.23
520222	23.07
520226	25.03
520227	34.3
520228	23.84
520230	30.62
520231	28.43
520232	33.42
520234	20.65
520301	30.0
520302	28.24
520303	28.86
520304	28.56
520305	28.05
520308	29.73
520309	33.85
520310	28.26
520311	28.24
520314	33.71
520316	32.08
520317	32.72
520319	32.94
520320	28.97
520321	37.87
520322	31.43
520324	30.47
520325	17.68
520327	31.32
520328	26.56
520401	30.59
520402	29.53
520403	22.13
520404	27.83
520405	31.08
520406	33.41
520407	23.69
520409	32.66
520410	27.91
520414	30.13
520415	34.68
520417	31.83
520419	29.19
520420	34.97
520422	35.85
520423	45.78
520424	32.69
520425	29.27
520426	30.24
520431	20.1
520433	27.1
520434	26.53
520436	34.67
520437	28.27
520440	31.47
520441	35.5
520442	28.99
520443	26.34
520444	29.48
520446	33.36
520448	28.94
520452	16.31
520457	15.74
520459	30.92
520460	33.76
520463	28.07
520464	31.53
520465	19.56
520466	26.67
520469	25.88
520470	32.45
520471	28.08
520472	25.39
520473	25.34
520501	30.19
520502	33.43
520503	30.41
520504	32.8
520505	25.61
520508	31.8
520509	27.54
520510	31.53
530101	15.89
530102	16.42
530103	16.13
530104	23.38
530105	15.66
530106	26.58
530107	20.62
530108	27.81
530109	27.13
530110	13.32
530111	21.28
530112	21.78
530113	21.74
530114	14.71
530116	15.33
530117	15.48
530119	16.49
530120	22.63
530122	3.61
530123	15.73
530125	17.66
530126	26.91
530130	22.91
530132	31.27
530133	31.82
530201	20.56
530202	19.03
530203	20.57
530204	21.61
530205	23.48
530206	22.5
530207	23.06
530208	27.36
530209	13.45
530210	17.42
530211	25.91
530212	17.6
530213	24.51
530215	22.53
530217	22.75
530219	23.06
530220	19.17
530221	24.02
530222	26.91
530223	25.09
530225	27.19
530226	25.0
530227	16.37
530228	17.69
530301	10.9
530302	11.33
530303	15.86
530304	26.05
530401	11.02
530402	12.74
530403	6.57
530404	12.27
530405	14.16
530406	11.27
530407	4.87
530408	9.11
530409	22.77
530410	22.29
530411	-1.8
530412	17.29
530414	30.21
530501	19.2
530502	19.36
530503	20.0
530504	19.84
530505	12.03
530506	18.51
530601	17.1
530602	22.39
530603	16.95
530604	15.05
530605	25.67
530606	25.38
540101	25.41
540102	21.8
540103	27.4
540104	29.19
540107	32.45
540108	29.48
540109	29.49
540110	20.37
540112	26.18
540113	28.11
540114	14.31
540115	27.49
540116	25.71
540117	29.3
540119	30.69
540201	29.22
540202	28.42
540203	22.95
540204	28.57
540205	29.48
540206	28.17
540207	29.94
540209	25.26
540210	14.79
540211	25.67
540212	31.53
540213	31.91
540214	14.85
540215	28.4
540216	29.56
540217	21.77
540218	28.76
540219	25.85
540220	30.56
540222	19.41
540223	27.81
540224	30.3
540226	27.59
540228	23.25
540301	26.03
540306	29.32
540309	19.08
540310	15.55
540407	24.98
540408	26.46
540601	29.2
540602	29.9
540604	25.0
540605	28.09
540606	26.31
540607	29.26
540608	31.82
540609	28.66
540610	19.59
540611	28.86
540612	27.83
540613	27.18
540615	30.61
540616	31.46
540617	29.18
550104	34.19
550302	14.46
550502	29.66
550508	31.58
550612	29.29
550703	31.11
550716	21.35
550718	27.42
560101	18.13
560102	12.62
560103	15.36
560104	13.81
560106	16.13
560107	13.01
560108	29.19
560109	19.4
560110	26.53
560111	26.21
560112	28.24
560113	28.18
560116	23.32
560117	19.77
560201	6.68
560204	8.02
560301	25.52
560302	31.49
560303	32.91
560304	30.93
560305	31.19
560306	29.74
560307	28.82
560308	27.18
560309	27.49
560310	33.86
560311	29.79
560312	29.58
560314	29.35
560316	30.1
560317	25.82
560321	27.63
560322	26.05
560323	27.89
560324	29.73
560325	23.23
560326	23.61
560327	27.66
560328	27.22
560329	29.26
560330	31.19
560333	23.39
560334	26.68
560335	28.0
560336	25.47
560337	28.14
560338	24.51
560339	27.19
560340	26.72
560341	22.69
560342	25.0
560343	31.91
560344	27.13
560345	26.7
560346	34.67
560348	27.56
560349	25.18
560350	30.0
560351	27.26
560356	24.53
560357	28.17
560358	28.16
560359	29.44
560360	27.57
560401	11.9
560402	5.68
560403	6.44
560404	27.15
560405	7.24
560406	24.97
560407	26.54
560408	33.99
560409	28.38
560502	8.43
560504	26.64
560507	21.57
560509	31.77
560513	27.76
560515	34.02
560516	36.13
560517	29.71
560518	29.11
570101	30.56
570102	23.43
570103	21.04
570104	30.82
570105	33.33
570106	30.15
570107	30.05
570108	28.46
570201	29.44
570202	25.71
570204	28.38
570205	27.17
570206	31.75
570210	27.2
570211	22.97
570212	30.91
570213	22.73
570301	29.41
570302	31.57
570303	32.33
570304	31.65
570305	29.48
570306	29.45
570307	30.75
570308	26.06
570309	31.98
570310	29.89
570311	27.0
570314	29.54
570315	27.03
570401	30.39
570402	27.68
570403	27.96
570404	25.88
570405	26.09
570406	31.33
570407	28.48
570408	30.37
570413	30.66
570414	31.45
570415	31.57
570416	29.61
570417	29.79
570418	33.04
590102	40.24
590103	30.66
590104	27.06
590105	46.71
590106	48.66
590108	33.67
590109	27.66
590202	44.78
590203	27.35
590204	28.31
590206	32.08
590208	28.13
590211	25.74
590301	16.3
590302	16.72
590303	30.05
590304	29.44
590305	29.32
590307	23.83
590309	30.63
590310	21.3
590311	25.93
590312	18.07
590317	34.29
590318	25.85
590319	19.52
590402	18.39
590501	27.1
590502	27.94
590504	37.67
590505	28.64
590506	26.63
590507	27.41
590512	25.84
590514	20.54
590515	22.77
590516	7.77
590517	37.44
590519	26.01
590521	26.25
590522	25.15
590523	28.09
590525	27.71
590527	25.86
590528	29.6
590531	22.95
590601	28.92
590603	25.63
710101	17.5
710102	28.32
710201	19.58
710202	21.62
710203	13.74
710301	8.63
710302	23.48
710401	32.35
710402	21.84
710501	17.41
710502	14.0
710601	20.68
710603	22.84
710604	11.79
710605	13.23
710701	13.58
710703	11.55
710704	18.49
710705	13.08
710801	6.9
710802	8.58
710803	18.31
710901	8.62
710902	8.62
711103	19.13
711201	13.66
711203	25.66
711302	28.84
711303	29.91
711304	23.28
711305	26.31
711307	31.93
711310	11.73
711311	28.57
711314	27.19
711321	23.91
711402	12.06
711405	7.25
711409	-28.39
711501	12.67
711502	8.14
711601	18.31
711602	24.92
711701	14.37
711702	9.33
711801	14.28
711901	20.02
711902	11.9
712001	32.7
712102	14.39
712201	19.3
712401	26.57
712501	13.51
712502	19.29
712503	13.04
712504	18.52
712505	11.06
712601	28.46
712701	11.84
712802	1.68
712901	22.49
712902	14.41
712903	22.26
713001	10.52
713101	31.52
713102	24.89
713305	30.4
713901	6.99
713902	18.15
714005	24.01
714008	8.03
714010	20.71
714012	14.45
714101	10.3
714102	14.06
714601	3.06
714701	24.06
714901	9.93
715001	2.42
715002	8.57
715111	5.17
715401	18.34
715609	9.26
715701	6.61
715903	29.07
715911	17.16
716101	26.55
720101	27.91
720102	28.04
720104	28.41
720105	29.45
720106	26.74
720107	34.98
720109	31.28
720111	28.03
720113	31.73
720115	32.4
720116	37.73
720117	30.38
720118	23.38
720120	27.28
720122	19.95
720123	31.33
720124	33.98
720126	34.67
720129	31.2
720130	24.53
720131	32.51
720132	27.94
720133	29.62
720134	31.96
720135	25.38
720136	28.05
720137	31.18
720201	29.86
720202	32.53
720203	35.25
720204	31.65
720205	31.68
720207	27.84
720208	27.47
720209	35.09
720210	24.2
720211	30.39
720212	26.83
720214	29.49
720215	31.38
720216	30.95
720217	30.78
720218	30.34
720219	22.94
720221	24.19
720222	13.6
720224	33.41
720225	26.02
720226	30.0
720301	29.05
720302	26.91
720303	26.86
720304	24.71
720305	36.19
720306	29.47
720307	29.26
720308	29.08
720309	32.68
720310	26.91
720311	29.1
720312	21.82
720313	28.42
720314	27.86
720316	32.97
720317	29.48
720318	28.98
720402	27.28
720403	31.98
720404	18.52
720405	35.84
720410	33.22
720501	28.53
720502	28.97
720503	30.97
720504	19.3
720505	31.55
720506	27.28
720507	1.15
720508	26.72
720509	25.49
720510	25.61
720511	23.18
720512	33.3
720514	28.18
720515	9.61
720516	28.84
730101	27.45
730102	24.9
730103	25.18
730104	24.45
730105	24.26
730106	25.37
730107	23.04
730108	28.29
730109	25.98
730110	31.58
730111	32.34
730113	28.51
730114	18.17
730115	24.41
730117	25.21
730120	30.77
730121	26.14
730122	15.95
730125	22.75
730130	23.08
730132	30.43
730134	29.41
730135	26.94
730136	26.12
730137	28.57
730144	31.33
730145	27.55
730150	21.39
730201	28.53
730202	31.8
730203	29.13
730204	30.49
730205	32.5
730206	23.75
730207	31.58
730208	28.11
730301	27.63
730302	25.69
730303	19.26
730304	26.18
730306	32.65
730307	30.95
730309	29.49
730310	17.8
730311	32.0
730312	18.41
730313	17.51
730314	24.55
730315	28.77
730317	28.69
730319	25.75
730320	25.98
730322	30.26
730323	19.78
730326	29.15
730401	21.24
730403	27.37
730404	25.31
730415	26.7
730502	19.7
730503	10.13
730504	28.73
730505	27.27
730508	25.36
730509	27.38
730602	18.5
730603	17.81
730604	20.57
730608	14.12
730609	27.22
730610	14.81
730701	28.57
730702	19.18
730703	15.77
730704	12.24
730705	19.42
730706	8.58
730708	27.47
730709	27.1
730710	34.8
730714	25.87
730715	19.12
730716	19.97
730718	19.76
730719	23.49
730720	16.84
730801	19.8
730802	21.55
730804	12.69
730805	29.29
730901	19.47
730907	25.64
731006	26.26
731009	19.35
731010	23.83
731106	29.95
731201	17.05
731202	21.39
731301	23.45
731302	9.37
731303	26.0
731304	24.72
731305	24.25
731307	24.79
740101	29.63
740102	27.05
740103	29.79
740104	33.7
740105	24.23
740106	27.73
740201	30.17
740202	29.77
740203	29.77
740204	31.61
740205	27.11
740206	31.65
740207	32.04
740301	30.06
740303	31.68
740304	36.81
740305	38.16
740306	30.1
740401	33.2
740402	36.6
740503	32.96
740504	31.08
740604	26.42
740605	28.53
740606	30.57
740607	31.32
740801	29.11
740802	30.89
740803	30.63
740804	27.24
740805	25.79
740806	19.44
740807	31.5
750101	30.69
750102	31.82
750103	28.3
750104	18.63
750105	27.69
750106	25.7
750202	21.63
750302	25.87
750506	15.38
750508	-0.48
750510	14.95
750701	18.77
750802	26.11
750804	33.11
750807	19.7
750811	15.05
750813	28.73
750814	32.02
750902	30.02
751001	24.67
751004	23.54
751005	33.73
751101	24.52
751201	27.29
751202	29.2
751203	25.73
751204	28.82
751205	28.57
751206	23.0
751207	48.24
751208	27.6
760101	28.73
760102	30.63
760103	31.31
760104	26.28
760105	35.39
760106	32.1
760107	28.4
760108	33.82
760109	29.85
760110	26.45
760111	30.0
760112	53.84
760113	36.79
760114	32.15
760115	26.53
760116	26.18
760117	33.37
760118	31.55
760119	29.69
760120	31.64
760121	31.68
760122	31.39
760123	29.79
760124	32.78
760125	29.82
760126	23.11
760127	27.76
760128	27.95
760129	27.85
760130	32.47
760131	29.73
760132	24.02
760134	33.85
760135	10.57
760136	24.73
760137	26.38
760138	37.78
760140	30.13
760141	26.83
760142	34.06
760143	18.82
760145	31.77
760146	27.92
760147	26.5
760148	29.75
760149	30.11
760151	27.25
760152	30.76
760153	30.06
760154	31.43
760155	21.51
760156	27.38
760157	34.64
760158	29.25
760159	31.36
760162	26.94
760163	24.18
760164	29.74
760165	26.89
760166	35.11
760167	36.88
760168	33.33
760169	27.19
760170	28.43
760171	34.36
760172	22.53
760173	28.57
760176	30.15
760178	35.9
760179	32.65
760182	27.85
760183	26.44
760184	28.57
760186	33.06
760188	28.1
760189	24.98
760190	31.71
760191	24.71
760194	27.07
760196	35.42
760201	28.5
760202	29.59
760203	25.31
760204	32.64
760205	26.9
760207	34.76
760208	29.74
760209	26.78
760210	25.88
760211	27.72
760212	32.64
760213	28.42
760214	29.07
760216	28.72
760217	29.09
760218	29.1
760219	27.71
760220	23.07
760221	29.07
760223	30.5
760224	28.26
760225	29.52
760226	27.54
760227	27.88
760228	29.07
760229	27.66
760230	29.91
760231	26.3
760232	30.05
760233	30.87
760234	26.98
760235	27.44
760301	27.84
760302	31.29
760303	32.77
760304	37.5
760305	31.98
760306	32.91
760307	35.5
760308	36.06
760402	24.93
760404	30.77
760405	30.95
760406	30.44
760409	27.1
760411	33.45
760502	29.13
760503	29.07
760504	23.61
760505	27.29
760506	29.28
760507	30.02
760508	31.25
760509	28.73
760510	29.25
760511	26.05
760512	31.21
760513	35.57
760514	31.28
760515	25.0
760516	32.68
760517	31.64
760518	24.85
760519	27.72
760520	29.15
760522	30.14
760523	23.88
760524	30.21
760525	26.84
760526	29.73
760527	34.83
760528	30.49
760529	30.78
760530	28.92
760531	33.33
760534	22.97
760535	27.66
760536	28.32
760537	27.89
760538	25.35
760539	28.96
760540	30.42
760541	27.94
760542	31.52
760543	31.35
760544	30.53
760545	29.49
760546	29.68
760548	32.66
760549	29.34
760550	28.88
760551	31.33
760552	27.3
760553	27.42
760554	28.67
760555	31.54
760556	31.09
760557	30.07
760560	31.95
760561	26.55
760562	31.28
760563	24.82
760564	24.65
760565	25.56
760569	27.99
760570	24.39
760574	20.33
760575	29.41
760576	20.87
760577	27.54
760578	24.7
760579	36.05
760580	21.03
760581	31.15
760582	19.33
760583	27.61
760584	27.06
760586	29.96
760587	26.93
760588	29.78
760589	25.28
760590	34.78
760591	25.24
760592	32.39
760593	4.0
760594	23.84
760597	8.33
760598	26.18
760599	28.77
760600	28.57
760601	27.08
760602	25.36
760603	25.52
760604	26.83
760606	29.45
760607	26.05
760608	30.15
760609	28.32
760613	23.71
760614	27.8
760616	20.66
760617	32.86
760618	28.56
760619	32.31
760620	32.9
760621	27.62
760622	24.54
760623	30.82
760624	28.14
760625	31.13
760626	32.68
760629	28.57
760630	31.25
760631	29.85
760632	33.64
760633	31.63
760634	18.17
760635	29.14
760636	25.91
760637	23.31
760638	42.87
760639	29.43
760640	33.71
760641	30.09
760642	28.25
760643	32.68
760644	30.78
760645	20.85
760646	28.03
760647	31.39
760648	27.71
760649	35.22
760650	30.24
760652	27.85
760653	30.22
760654	22.16
760655	16.81
760656	31.25
760657	33.58
760659	29.04
760661	23.08
760662	32.77
760663	27.21
760664	28.98
760668	27.79
760669	28.37
760670	16.58
760675	32.3
760677	34.86
760681	28.05
760682	28.57
760686	30.54
760687	24.41
760702	31.54
760703	26.3
760705	24.64
760706	31.25
760707	33.13
760708	33.3
760711	28.89
760716	27.96
760718	37.5
760724	26.93
760725	32.5
760726	28.53
760730	35.21
760734	33.78
760735	28.67
760736	35.57
760738	30.38
760739	28.28
760750	42.74
760752	33.77
760756	27.71
760757	31.19
760807	30.43
760809	27.84
760810	27.01
760901	32.81
760904	28.53
760906	28.2
760908	35.18
760909	24.98
760910	28.32
760912	29.1
760913	32.3
760914	24.99
760915	22.49
760916	27.13
760917	19.73
760919	27.54
760920	20.48
760922	27.16
760923	29.35
760927	22.89
760928	32.49
760929	30.98
760930	24.31
760931	40.35
760932	30.67
760933	28.8
760934	21.02
760935	28.78
760936	27.73
760938	25.07
760941	27.1
760942	31.46
760943	34.81
760944	32.89
760945	32.89
760948	23.69
760949	38.79
760950	34.98
760951	28.77
760952	15.46
760953	30.25
761002	26.86
761003	29.43
761004	38.84
761005	28.01
761006	32.07
761007	34.29
761008	26.26
761010	30.69
761011	24.94
761101	22.9
761102	21.82
761103	20.28
761104	23.53
761105	23.69
761106	25.78
761107	19.26
761108	25.96
761109	7.3
761110	25.89
761111	13.89
761112	18.3
761113	20.0
761115	32.95
761116	18.27
761117	21.25
770107	33.54
770131	33.33
780101	30.02
780102	22.04
780103	27.49
780104	23.15
780105	22.93
780107	23.37
780109	27.81
780110	22.61
780111	24.34
780202	15.15
780205	14.16
780301	30.92
780303	29.21
780306	24.83
780401	33.3
780402	26.86
780403	24.13
780404	29.52
780405	26.45
780406	27.63
780408	29.86
780409	31.11
780501	20.44
780503	28.57
780504	28.93
780505	35.53
780506	24.04
780507	30.4
780508	30.43
780509	18.8
780510	28.89
