100101	24098.0
100102	132943.0
100103	30352.0
100104	16434.0
100105	4826.0
100106	42457.0
100107	8357.0
100108	23405.0
100109	44921.0
100110	32878.0
100111	14701.0
100112	14821.0
100113	11756.0
100201	82592.0
100202	21132.0
100203	12254.0
100204	17013.0
100205	201537.0
100206	13114.0
100207	2420.0
100208	11439.0
100209	14267.0
100210	29185.0
100211	3178.0
100212	17576.0
100213	24030.0
100214	1743.0
100215	33563.0
100216	9614.0
100217	29626.0
100218	21277.0
100301	76941.0
100302	20371.0
100303	42552.0
100304	47137.0
100305	26859.0
100306	45530.0
100307	25216.0
100308	28377.0
100309	18389.0
100310	53188.0
100311	78548.0
100312	45114.0
100313	1766.0
100314	21653.0
100315	3701.0
100316	156.0
100317	2865.0
100318	2284.0
100319	21675.0
100320	1831.0
100321	3134.0
100322	47981.0
100323	49686.0
100324	37578.0
100325	16098.0
100401	92294.0
100402	19725.0
100403	54114.0
100405	22317.0
100406	20586.0
100407	34879.0
100408	13272.0
100409	2421.0
100410	1095.0
100411	757.0
100413	48044.0
100414	93083.0
100415	1749.0
100416	29606.0
100417	673.0
100418	48501.0
100419	20032.0
100420	758.0
100421	2610.0
100422	8976.0
100423	4114.0
100424	5944.0
100425	456.0
100426	4385.0
100427	7499.0
100428	2631.0
100429	1410.0
100430	1353.0
100431	34272.0
100432	7440.0
100433	2255.0
100434	1338.0
100436	15899.0
100437	1087.0
100438	8942.0
100439	2412.0
100440	25655.0
100441	1000.0
100442	733.0
100443	25693.0
100444	7731.0
100501	1015.0
100502	4510.0
100503	37725.0
100504	22897.0
100505	71879.0
100506	958.0
100507	68854.0
100508	12726.0
100509	17654.0
100510	49652.0
100511	37400.0
100512	5795.0
100513	10624.0
100514	14649.0
100515	36888.0
100516	57582.0
100517	16655.0
100601	34234.0
100602	8542.0
100603	9072.0
100604	3165.0
100605	11894.0
100606	767.0
100607	219.0
100608	7750.0
100609	2182.0
100610	3489.0
100611	1284.0
100612	1257.0
100613	7311.0
100614	4050.0
110102	16171.0
110103	13314.0
110105	32837.0
110106	-32746.0
110107	11369.0
110108	7498.0
110109	55793.0
110110	11809.0
110111	1753.0
110112	34540.0
110113	4784.0
110114	43450.0
110115	16084.0
110116	8720.0
110117	27714.0
110118	19250.0
110119	30447.0
110120	2777.0
110121	8630.0
110122	12486.0
110123	6802.0
110124	3995.0
110125	1853.0
110126	3898.0
110127	7731.0
110128	357.0
110129	1874.0
110131	11586.0
110132	731.0
110133	11883.0
110134	209.0
110135	1931.0
110136	67288.0
110137	15597.0
110138	12477.0
110142	575.0
110201	13961.0
110202	12084.0
110203	1910.0
110204	2177.0
110205	760.0
110206	1205.0
110207	8118.0
110208	7480.0
110209	1292.0
110210	272.0
110211	1319.0
110212	375.0
110213	183.0
110214	906.0
110215	464.0
110217	-87223.0
110218	6605.0
110305	11508.0
110306	2787.0
110307	865.0
110308	3810.0
110309	652.0
110310	376.0
110311	781.0
110312	816.0
110313	10015.0
110314	586.0
110316	486.0
110317	292.0
110318	333.0
110322	2477.0
110323	1592.0
110326	68.0
110327	581.0
110331	586.0
110332	7052.0
110333	98304.0
110334	4924.0
110335	430.0
110336	2835.0
110338	705.0
110401	131450.0
110402	35988.0
110403	24816.0
110404	34641.0
110405	20770.0
110406	18124.0
110407	22615.0
110408	1709.0
110409	11267.0
110410	18606.0
110411	87826.0
110412	1912.0
110501	11356.0
110502	14783.0
110503	2679.0
110504	27272.0
110505	19569.0
110506	44213.0
110507	87403.0
110508	33857.0
110509	16298.0
110510	3414.0
110511	10533.0
110512	6239.0
110513	10787.0
110514	1955.0
110515	6519.0
110516	4274.0
110517	11332.0
110518	14013.0
110601	4390.0
110602	3978.0
110603	26330.0
110604	4013.0
110605	6637.0
110701	835.0
110702	629.0
110703	681.0
110704	118.0
110705	689.0
110706	361.0
110707	1626.0
110709	6.0
110710	62.0
110711	179.0
110712	33.0
110713	448.0
110714	134.0
110715	938.0
110716	66.0
110801	2680.0
110802	1971.0
110804	7082.0
110805	7437.0
110806	1305.0
110807	1435.0
110808	364.0
110809	1217.0
110810	14296.0
110811	10282.0
110812	2491.0
110814	3763.0
110815	6323.0
110816	3087.0
120101	60822.0
120102	4279.0
120103	92287.0
120104	29513.0
120105	36011.0
120106	21839.0
120107	33625.0
120108	26509.0
120109	18475.0
120110	19757.0
120111	373.0
120112	19710.0
120113	1096.0
120115	23906.0
120201	1070.0
120202	5307.0
120203	32816.0
120204	19247.0
120205	2922.0
120208	4437.0
120301	2588.0
120302	13331.0
120303	1566.0
120304	372.0
120305	8633.0
120306	237.0
120307	73.0
120308	291.0
130101	28545.0
130102	22993.0
130103	7819.0
130104	328.0
130105	1606.0
130106	31363.0
130107	8044.0
130108	7029.0
130109	12788.0
130110	38461.0
130111	11765.0
130112	1564.0
130113	1682.0
130201	29595.0
130202	3919.0
130203	9747.0
130204	96784.0
130205	53390.0
130206	128736.0
130207	4910.0
130208	20824.0
130301	766.0
130302	7436.0
130303	5575.0
130304	10481.0
130305	34843.0
130306	15300.0
130307	11930.0
130308	21012.0
130309	10539.0
130310	4923.0
130313	12480.0
130314	2803.0
130315	-122632.0
130316	20187.0
130317	53386.0
130401	33621.0
130402	16182.0
130403	3948.0
130404	7720.0
130405	3944.0
130407	1312.0
140803	3486.0
300101	1670.0
300102	3150.0
300103	1230.0
300104	3090.0
300105	1630.0
300106	1586.0
300107	4387.0
300109	1602.0
300110	762.0
300111	726.0
300112	634.0
300113	1191.0
300114	243.0
300115	6364.0
300116	514.0
300117	2273.0
300118	378.0
300121	480.0
300201	2016.0
300202	395.0
300203	877.0
300205	1165.0
300206	985.0
300207	841.0
300208	186.0
300209	1126.0
300210	2027.0
300301	25584.0
300302	273.0
300303	1795.0
300304	89.0
300305	501.0
300307	6060.0
300408	4639.0
300409	340.0
300410	449.0
300411	249.0
300412	612.0
300413	99.0
300414	985.0
300416	1915.0
300417	160.0
300418	8465.0
300420	391.0
300422	56987.0
300423	18900.0
300424	39844.0
300425	170.0
300426	421.0
300427	342.0
300428	1637.0
300501	1124.0
300502	2934.0
300503	258.0
300504	2522.0
300507	1207.0
300601	1308.0
300602	8927.0
300603	7104.0
300604	30279.0
300605	5109.0
300606	7037.0
300607	760.0
300608	3378.0
300609	2220.0
300610	1908.0
300611	3540.0
300612	4614.0
300613	682.0
300614	2683.0
300701	10303.0
300702	21449.0
300703	31205.0
300704	18811.0
300705	1523.0
300706	2350.0
300707	3361.0
300708	2510.0
300709	51099.0
300711	14771.0
300712	34725.0
300713	5869.0
300714	6996.0
300716	14568.0
300801	12514.0
300802	3862.0
300803	242.0
300804	268.0
300805	523.0
300806	545.0
300807	1769.0
300808	1821.0
300904	276.0
300905	1677.0
301002	27.0
320101	5059.0
320102	3190.0
320103	9697.0
320104	37767.0
320106	1269.0
320107	13183.0
320108	8284.0
320201	36939.0
320202	23691.0
320203	9110.0
320204	3632.0
320205	8768.0
320206	7150.0
320301	847.0
320303	126.0
320304	1718.0
320306	338.0
320308	12262.0
320309	2306.0
320310	5168.0
320401	8104.0
320402	356563.0
320403	31299.0
320404	7321.0
320405	476.0
320406	1507.0
320407	18373.0
320408	2330.0
320409	841.0
320410	336.0
320411	4769.0
320501	124946.0
320502	1646.0
320503	12785.0
320506	2924.0
320507	31872.0
320508	535.0
320509	12794.0
320510	7225.0
320601	60.0
320602	476.0
320606	871.0
320703	27.0
320704	4124.0
320801	3352.0
320803	612.0
320804	2955.0
320903	1131.0
320904	102.0
321003	4558.0
321004	503.0
321101	3865.0
321102	1345.0
321103	396.0
321203	1823.0
321301	19322.0
321302	14687.0
321303	7993.0
321304	5947.0
321305	9391.0
321307	6895.0
321308	2376.0
340101	-3738.0
470101	40410.0
470102	47027.0
470103	150775.0
470105	127966.0
470106	66560.0
470107	5045.0
470108	374.0
470109	11985.0
470110	12931.0
470201	3652.0
470202	39200.0
470203	15446.0
470204	484.0
470205	26337.0
470206	11353.0
470207	48403.0
470208	4483.0
470209	226.0
470210	10229.0
470211	1468.0
470212	1025.0
470213	348.0
470301	1327.0
470302	87.0
470305	223.0
470307	425.0
470401	4949.0
470402	5071.0
470403	223.0
470404	7082.0
470405	62.0
470406	72.0
470501	1262.0
470502	922.0
470504	2646.0
470505	295.0
470601	593.0
470602	1792.0
470603	90.0
470604	190.0
470606	77.0
470607	23.0
470609	2228.0
470610	195.0
470611	2338.0
470612	296.0
470613	321.0
470701	426.0
470702	7155.0
500101	13519.0
500102	46647.0
500103	7687.0
500105	12926.0
500106	3105.0
500107	540.0
500108	3253.0
500109	2027.0
500110	380.0
500111	949.0
500112	5326.0
500115	2049.0
500117	174.0
500118	99.0
500119	255.0
500201	55028.0
500202	17643.0
500203	36391.0
500204	2310.0
500205	15621.0
500206	16524.0
500207	20398.0
500208	15425.0
500209	6071.0
500210	31282.0
500211	168.0
500212	8488.0
500301	49447.0
500302	33470.0
500303	31053.0
500304	4968.0
500305	20881.0
500306	4624.0
500307	53766.0
500308	1269.0
500309	9574.0
500310	803.0
500311	22265.0
500312	160.0
500313	4851.0
500315	137.0
500316	2577.0
500317	4425.0
500318	12773.0
500319	18105.0
500320	1523.0
500321	228.0
500322	1345.0
500323	2069.0
500325	2090.0
500326	582.0
500332	3745.0
500333	4141.0
500334	327.0
500335	228.0
500339	574.0
500341	339.0
500343	140.0
500344	816.0
500345	4140.0
500346	2407.0
500347	330.0
500348	23.0
500349	79.0
500402	3724.0
500403	3733.0
500404	1156.0
500405	3100.0
500406	2531.0
500407	7884.0
500408	6989.0
500409	198.0
500412	150.0
500414	1169.0
500416	594.0
500417	266.0
500418	2230.0
500419	3486.0
500501	45147.0
500502	5047.0
500503	3045.0
500504	256.0
500506	729.0
500509	13192.0
500510	4714.0
500511	1336.0
500513	14.0
500514	1819.0
500515	2405.0
500516	1050.0
500517	345.0
500518	1410.0
500520	1877.0
500521	3477.0
500525	65.0
500526	1029.0
500527	271.0
500529	1421.0
500531	3293.0
500534	3924.0
500535	12744.0
500537	1044.0
500538	5843.0
500539	941.0
500540	2418.0
500541	278.0
500542	11493.0
500544	4583.0
500545	1889.0
500546	1192.0
500547	91.0
500548	2301.0
500549	104.0
500553	398.0
500554	5271.0
500555	276.0
500556	481.0
500558	298.0
500559	4931.0
500560	1304.0
500561	3148.0
500562	1006.0
500564	4500.0
500601	11987.0
500602	1462.0
500603	2529.0
500604	17041.0
500605	302.0
500606	552.0
500608	3407.0
500609	219.0
500701	1768.0
500702	2403.0
500703	2849.0
500705	63319.0
500707	5454.0
500708	961.0
500709	14760.0
500711	5049.0
500802	9250.0
500803	15399.0
500804	100463.0
500805	14576.0
500806	22008.0
500807	12996.0
500808	466.0
500810	238.0
500811	1262.0
500901	15501.0
500902	195.0
500903	57362.0
500905	997.0
501001	45454.0
501002	46091.0
501003	5873.0
501004	339.0
501005	7842.0
501101	2779.0
501102	5340.0
501103	1464.0
501104	1813.0
501105	9808.0
501106	542.0
501107	2314.0
501108	148.0
501109	177.0
501110	773.0
501112	200.0
501114	445.0
501115	105.0
501116	351.0
501117	81.0
501118	285.0
501119	39.0
501120	958.0
501122	1921.0
501123	2597.0
501124	296.0
501125	9930.0
501126	196.0
501127	607.0
501128	81.0
501129	4206.0
501130	63.0
501131	5027.0
501132	266.0
501133	1288.0
501134	2142.0
501135	221.0
501136	669.0
510101	17568.0
510103	24811.0
510104	9104.0
510105	9880.0
510108	5848.0
510109	5542.0
510110	18045.0
510113	3211.0
510114	4512.0
510116	10408.0
510117	620.0
510118	5468.0
510119	4650.0
510120	4361.0
510121	1875.0
510122	588.0
510123	101.0
510124	10569.0
510201	19456.0
510202	3107.0
510204	636.0
510205	2601.0
510301	2388.0
510302	7818.0
510303	832.0
510304	1993.0
510305	770.0
510306	85.0
510308	509.0
510309	85.0
510310	123.0
510311	369.0
510312	1907.0
510313	1903.0
510314	3020.0
510315	3137.0
510316	322.0
510317	2525.0
510318	1603.0
510319	2466.0
510321	610.0
510322	666.0
510325	851.0
510326	2884.0
510327	1795.0
510328	40.0
510329	2034.0
510401	7882.0
510402	4658.0
510403	52.0
510404	1000.0
510407	3449.0
510408	2007.0
510409	113.0
510410	585.0
510411	14004.0
510412	12405.0
510413	2327.0
510414	461.0
510415	1587.0
510416	45.0
510417	6870.0
510418	6284.0
510419	1210.0
510420	853.0
510422	1419.0
510424	633.0
510425	537.0
510427	4245.0
510428	14893.0
510501	8796.0
510502	855.0
510503	474.0
510505	3653.0
510506	2729.0
510507	758.0
510508	288.0
510510	459.0
510512	6511.0
510513	720.0
510515	396.0
510518	354.0
510519	674.0
510521	232.0
510522	2005.0
510524	2861.0
510525	4552.0
510526	552.0
510527	6256.0
510529	514.0
510530	4244.0
510531	426.0
510532	424.0
510533	420.0
510535	601.0
510538	3630.0
510539	28131.0
510607	280.0
520101	8179.0
520102	11368.0
520103	288.0
520105	1478.0
520107	2178.0
520108	1217.0
520111	43.0
520112	824.0
520113	2305.0
520114	573.0
520115	88.0
520116	122.0
520119	3467.0
520120	2098.0
520121	2433.0
520122	1945.0
520123	2444.0
520124	283.0
520125	1393.0
520126	9981.0
520133	24060.0
520134	1775.0
520135	906.0
520137	14333.0
520139	3469.0
520141	992.0
520142	475.0
520144	12030.0
520201	4193.0
520202	1416.0
520203	2614.0
520204	2354.0
520205	1256.0
520206	2273.0
520208	1961.0
520209	1722.0
520210	2197.0
520211	476.0
520213	758.0
520215	240.0
520220	706.0
520221	2296.0
520222	1160.0
520226	727.0
520227	2318.0
520228	3427.0
520230	2868.0
520231	3595.0
520232	3074.0
520234	4662.0
520301	96.0
520302	688.0
520303	284.0
520304	1247.0
520305	373.0
520308	3668.0
520309	2156.0
520310	498.0
520311	4057.0
520314	7004.0
520316	2831.0
520317	677.0
520319	1420.0
520320	2032.0
520321	128.0
520322	303.0
520324	2079.0
520325	3136.0
520327	415.0
520328	22219.0
520401	6448.0
520402	13353.0
520403	453.0
520404	960.0
520405	528.0
520406	691.0
520407	59.0
520409	227.0
520410	1927.0
520414	10864.0
520415	215.0
520417	516.0
520419	2247.0
520420	3206.0
520422	152.0
520423	1621.0
520424	13614.0
520425	28346.0
520426	359.0
520431	1170.0
520433	17796.0
520434	13.0
520436	2956.0
520437	33410.0
520440	1690.0
520441	436.0
520442	2747.0
520443	16571.0
520444	209.0
520446	5556.0
520448	7615.0
520452	42329.0
520457	128966.0
520459	273.0
520460	420.0
520463	796.0
520464	6751.0
520465	4082.0
520466	1123.0
520469	13082.0
520470	6292.0
520471	478.0
520472	28128.0
520473	19946.0
520501	4198.0
520502	2290.0
520503	8275.0
520504	4552.0
520505	3528.0
520508	15478.0
520509	910.0
520510	9269.0
530101	184621.0
530102	3487.0
530103	59881.0
530104	84344.0
530105	135059.0
530106	5270.0
530107	3614.0
530108	25957.0
530109	11634.0
530110	161600.0
530111	39951.0
530112	26523.0
530113	894.0
530114	120765.0
530116	42222.0
530117	3394.0
530119	6150.0
530120	9038.0
530122	10.0
530123	2324.0
530125	6992.0
530126	9212.0
530130	233.0
530132	182.0
530133	28.0
530201	5552.0
530202	10909.0
530203	4969.0
530204	14712.0
530205	62892.0
530206	19109.0
530207	11092.0
530208	5367.0
530209	48591.0
530210	108.0
530211	25077.0
530212	10338.0
530213	2472.0
530215	19321.0
530217	433.0
530219	5077.0
530220	14811.0
530221	3782.0
530222	10823.0
530223	142.0
530225	1892.0
530226	253.0
530227	5961.0
530228	964.0
530301	43679.0
530302	30748.0
530303	3274.0
530304	324.0
530401	15107.0
530402	5952.0
530403	49313.0
530404	91927.0
530405	28072.0
530406	33801.0
530407	4137.0
530408	35124.0
530409	1449.0
530410	2455.0
530411	-910.0
530412	12133.0
530414	355.0
530501	15013.0
530502	10475.0
530503	7821.0
530504	8011.0
530505	11885.0
530506	436.0
530601	23720.0
530602	9677.0
530603	7145.0
530604	766.0
530605	1957.0
530606	643.0
540101	4576.0
540102	426.0
540103	5641.0
540104	7092.0
540107	636.0
540108	851.0
540109	514.0
540110	3585.0
540112	3240.0
540113	1043.0
540114	82.0
540115	891.0
540116	481.0
540117	3968.0
540119	1163.0
540201	5976.0
540202	1387.0
540203	5510.0
540204	6165.0
540205	191.0
540206	12061.0
540207	1061.0
540209	23813.0
540210	4094.0
540211	4006.0
540212	746.0
540213	3406.0
540214	195.0
540215	4999.0
540216	925.0
540217	9223.0
540218	4884.0
540219	5017.0
540220	242.0
540222	4047.0
540223	416.0
540224	2218.0
540226	498.0
540228	1046.0
540301	190.0
540306	78.0
540309	660.0
540310	221.0
540407	307.0
540408	1535.0
540601	2238.0
540602	450.0
540604	536.0
540605	4646.0
540606	5145.0
540607	996.0
540608	140.0
540609	4110.0
540610	495.0
540611	912.0
540612	657.0
540613	1611.0
540615	1064.0
540616	168.0
540617	4981.0
550104	133.0
550302	36.0
550502	237.0
550508	30.0
550612	29.0
550703	70.0
550716	19.0
550718	17.0
560101	3747.0
560102	34221.0
560103	11258.0
560104	20965.0
560106	8431.0
560107	10750.0
560108	430.0
560109	9703.0
560110	5773.0
560111	470.0
560112	2079.0
560113	3133.0
560116	1798.0
560117	21735.0
560201	320217.0
560204	39078.0
560301	257.0
560302	364.0
560303	131.0
560304	1015.0
560305	736.0
560306	4050.0
560307	2515.0
560308	719.0
560309	4158.0
560310	470.0
560311	3798.0
560312	1270.0
560314	722.0
560316	1957.0
560317	4017.0
560321	626.0
560322	9598.0
560323	837.0
560324	817.0
560325	1133.0
560326	51.0
560327	891.0
560328	1872.0
560329	2550.0
560330	3571.0
560333	2779.0
560334	19698.0
560335	11967.0
560336	36628.0
560337	3322.0
560338	88.0
560339	7115.0
560340	171.0
560341	10538.0
560342	320.0
560343	823.0
560344	750.0
560345	869.0
560346	26.0
560348	527.0
560349	2722.0
560350	1566.0
560351	792.0
560356	2721.0
560357	2543.0
560358	2085.0
560359	449.0
560360	908.0
560401	47344.0
560402	340999.0
560403	19680.0
560404	2001.0
560405	28907.0
560406	7888.0
560407	542.0
560408	5320.0
560409	1451.0
560502	822.0
560504	4206.0
560507	664.0
560509	1598.0
560513	415.0
560515	805.0
560516	181.0
560517	14885.0
560518	3577.0
570101	455.0
570102	14919.0
570103	11993.0
570104	1088.0
570105	90.0
570106	6689.0
570107	2009.0
570108	1608.0
570201	4051.0
570202	540.0
570204	766.0
570205	5585.0
570206	11843.0
570210	263.0
570211	689.0
570212	8908.0
570213	210.0
570301	10238.0
570302	2090.0
570303	665.0
570304	4680.0
570305	1578.0
570306	5869.0
570307	2863.0
570308	5184.0
570309	489.0
570310	12307.0
570311	3169.0
570314	1002.0
570315	2488.0
570401	8189.0
570402	8175.0
570403	8604.0
570404	6787.0
570405	1451.0
570406	219.0
570407	8789.0
570408	972.0
570413	1458.0
570414	2064.0
570415	5753.0
570416	1087.0
570417	1187.0
570418	76.0
590102	101.0
590103	547.0
590104	1479.0
590105	206.0
590106	254.0
590108	203.0
590109	52.0
590202	395.0
590203	1137.0
590204	1735.0
590206	51.0
590208	119.0
590211	1193.0
590301	43189.0
590302	1770.0
590303	1566.0
590304	111.0
590305	3256.0
590307	397.0
590309	83.0
590310	1052.0
590311	7621.0
590312	8051.0
590317	48.0
590318	5026.0
590319	2721.0
590402	176.0
590501	4388.0
590502	477.0
590504	1832.0
590505	63.0
590506	1301.0
590507	1198.0
590512	77.0
590514	4165.0
590515	10157.0
590516	3720.0
590517	450.0
590519	1173.0
590521	1599.0
590522	2540.0
590523	168.0
590525	138.0
590527	166.0
590528	74.0
590531	6278.0
590601	234.0
590603	437.0
710101	1429.0
710102	305.0
710201	421.0
710202	2562.0
710203	2416.0
710301	21493.0
710302	3653.0
710401	1760.0
710402	327.0
710501	4675.0
710502	5112.0
710601	876.0
710603	856.0
710604	12917.0
710605	563.0
710701	110.0
710703	5367.0
710704	2116.0
710705	6566.0
710801	1333.0
710802	2171.0
710803	2200.0
710901	2480.0
710902	1240.0
711103	1435.0
711201	11429.0
711203	2832.0
711302	930.0
711303	1042.0
711304	3525.0
711305	4199.0
711307	874.0
711310	19092.0
711311	2116.0
711314	1322.0
711321	8875.0
711402	5355.0
711405	319.0
711409	-11861.0
711501	5377.0
711502	4977.0
711601	4465.0
711602	1802.0
711701	2125.0
711702	6852.0
711801	6851.0
711901	2177.0
711902	3316.0
712001	1302.0
712102	35127.0
712201	10790.0
712401	2790.0
712501	4988.0
712502	328.0
712503	6623.0
712504	823.0
712505	1010.0
712601	438.0
712701	10538.0
712802	57.0
712901	44239.0
712902	44556.0
712903	1230.0
713001	4910.0
713101	2423.0
713102	11837.0
713305	83.0
713901	2038.0
713902	570.0
714005	1977.0
714008	632.0
714010	1164.0
714012	1887.0
714101	410.0
714102	1401.0
714601	5468.0
714701	5283.0
714901	268.0
715001	18723.0
715002	7804.0
715111	4116.0
715401	2994.0
715609	16032.0
715701	330.0
715903	568.0
715911	5406.0
716101	4415.0
720101	3106.0
720102	4613.0
720104	2107.0
720105	985.0
720106	511.0
720107	765.0
720109	726.0
720111	1152.0
720113	79.0
720115	852.0
720116	1304.0
720117	597.0
720118	4834.0
720120	1964.0
720122	22161.0
720123	219.0
720124	246.0
720126	26.0
720129	1352.0
720130	5623.0
720131	3324.0
720132	504.0
720133	1807.0
720134	651.0
720135	14479.0
720136	8545.0
720137	550.0
720201	149.0
720202	162.0
720203	49.0
720204	44.0
720205	6499.0
720207	353.0
720208	728.0
720209	706.0
720210	2176.0
720211	716.0
720212	484.0
720214	4100.0
720215	1267.0
720216	385.0
720217	3469.0
720218	1916.0
720219	428.0
720221	803.0
720222	107.0
720224	1916.0
720225	1597.0
720226	10857.0
720301	3558.0
720302	328.0
720303	23664.0
720304	1355.0
720305	10011.0
720306	2378.0
720307	3241.0
720308	2046.0
720309	249.0
720310	5991.0
720311	781.0
720312	1460.0
720313	2625.0
720314	1779.0
720316	814.0
720317	1122.0
720318	4482.0
720402	22521.0
720403	118.0
720404	20.0
720405	200.0
720410	3456.0
720501	12660.0
720502	16217.0
720503	1077.0
720504	9981.0
720505	1792.0
720506	6792.0
720507	2092.0
720508	1732.0
720509	4877.0
720510	391.0
720511	108.0
720512	669.0
720514	1425.0
720515	2805.0
720516	1315.0
730101	1055.0
730102	767.0
730103	2742.0
730104	1723.0
730105	1634.0
730106	85.0
730107	1534.0
730108	256.0
730109	436.0
730110	24.0
730111	348.0
730113	997.0
730114	1320.0
730115	93.0
730117	30.0
730120	32.0
730121	562.0
730122	4021.0
730125	916.0
730130	24.0
730132	126.0
730134	115.0
730135	239.0
730136	99.0
730137	160.0
730144	562.0
730145	3579.0
730150	1512.0
730201	1550.0
730202	429.0
730203	1091.0
730204	2025.0
730205	39.0
730206	76.0
730207	306.0
730208	506.0
730301	7475.0
730302	1888.0
730303	29927.0
730304	4896.0
730306	385.0
730307	78.0
730309	1174.0
730310	4376.0
730311	263.0
730312	41563.0
730313	5912.0
730314	736.0
730315	536.0
730317	169.0
730319	1672.0
730320	538.0
730322	344.0
730323	109.0
730326	4604.0
730401	426.0
730403	208.0
730404	610.0
730415	408.0
730502	11676.0
730503	6137.0
730504	1676.0
730505	873.0
730508	734.0
730509	690.0
730602	1033.0
730603	44281.0
730604	5807.0
730608	9793.0
730609	4121.0
730610	400.0
730701	240.0
730702	11119.0
730703	6566.0
730704	15924.0
730705	14713.0
730706	1713.0
730708	33397.0
730709	3402.0
730710	475.0
730714	1874.0
730715	11842.0
730716	47112.0
730718	9149.0
730719	35108.0
730720	2157.0
730801	7247.0
730802	12843.0
730804	13045.0
730805	1160.0
730901	1441.0
730907	2655.0
731006	1923.0
731009	3004.0
731010	350.0
731106	665.0
731201	3054.0
731202	5464.0
731301	11707.0
731302	36791.0
731303	1201.0
731304	2079.0
731305	177.0
731307	520.0
740101	1056.0
740102	1078.0
740103	140.0
740104	5356.0
740105	27928.0
740106	3815.0
740201	974.0
740202	267.0
740203	89.0
740204	1972.0
740205	1340.0
740206	2970.0
740207	2600.0
740301	705.0
740303	807.0
740304	2256.0
740305	1875.0
740306	8678.0
740401	513.0
740402	1174.0
740503	295.0
740504	801.0
740604	79.0
740605	222.0
740606	273.0
740607	4114.0
740801	889.0
740802	1826.0
740803	1612.0
740804	234.0
740805	19243.0
740806	1145.0
740807	25296.0
750101	32738.0
750102	5655.0
750103	4469.0
750104	4542.0
750105	540.0
750106	21812.0
750202	6478.0
750302	1488.0
750506	10633.0
750508	-84.0
750510	5018.0
750701	2645.0
750802	1060.0
750804	99.0
750807	2917.0
750811	1050.0
750813	129.0
750814	1399.0
750902	579.0
751001	3537.0
751004	22037.0
751005	1680.0
751101	21841.0
751201	2076.0
751202	12758.0
751203	2159.0
751204	2328.0
751205	300.0
751206	10544.0
751207	2124.0
751208	568.0
760101	30952.0
760102	574.0
760103	12118.0
760104	719.0
760105	4811.0
760106	468.0
760107	5003.0
760108	693.0
760109	6656.0
760110	1337.0
760111	3142.0
760112	3536.0
760113	419.0
760114	992.0
760115	8813.0
760116	6358.0
760117	8022.0
760118	1797.0
760119	4254.0
760120	1905.0
760121	2037.0
760122	317.0
760123	457.0
760124	317.0
760125	187.0
760126	202.0
760127	332.0
760128	128.0
760129	110.0
760130	3424.0
760131	1540.0
760132	23908.0
760134	110.0
760135	20817.0
760136	473.0
760137	205.0
760138	221.0
760140	5073.0
760141	110.0
760142	4179.0
760143	440.0
760145	1339.0
760146	3836.0
760147	1441.0
760148	1046.0
760149	308.0
760151	8755.0
760152	1845.0
760153	150.0
760154	22.0
760155	17973.0
760156	285.0
760157	916.0
760158	5026.0
760159	74.0
760162	1060.0
760163	17930.0
760164	12290.0
760165	437.0
760166	4191.0
760167	3033.0
760168	301.0
760169	508.0
760170	1631.0
760171	134.0
760172	369.0
760173	238.0
760176	290.0
760178	14.0
760179	64.0
760182	66.0
760183	8761.0
760184	150.0
760186	990.0
760188	609.0
760189	261.0
760190	234.0
760191	3327.0
760194	245.0
760196	1783.0
760201	12232.0
760202	2874.0
760203	12369.0
760204	188.0
760205	9795.0
760207	350.0
760208	4435.0
760209	5417.0
760210	5126.0
760211	5667.0
760212	2791.0
760213	135.0
760214	3326.0
760216	253.0
760217	256.0
760218	3430.0
760219	6624.0
760220	1837.0
760221	6054.0
760223	255.0
760224	3326.0
760225	1940.0
760226	20708.0
760227	5443.0
760228	1876.0
760229	12527.0
760230	7889.0
760231	232.0
760232	1515.0
760233	259.0
760234	928.0
760235	5656.0
760301	6961.0
760302	10245.0
760303	309.0
760304	168.0
760305	3686.0
760306	986.0
760307	465.0
760308	970.0
760402	26516.0
760404	172.0
760405	1989.0
760406	2792.0
760409	1418.0
760411	642.0
760502	5056.0
760503	9354.0
760504	5691.0
760505	7164.0
760506	4774.0
760507	2068.0
760508	50.0
760509	801.0
760510	514.0
760511	31.0
760512	770.0
760513	796.0
760514	661.0
760515	22.0
760516	5696.0
760517	3868.0
760518	15421.0
760519	2545.0
760520	6254.0
760522	1134.0
760523	10271.0
760524	7627.0
760525	113.0
760526	5802.0
760527	1110.0
760528	1254.0
760529	451.0
760530	1479.0
760531	24.0
760534	5577.0
760535	3997.0
760536	311.0
760537	1191.0
760538	970.0
760539	2345.0
760540	1177.0
760541	1833.0
760542	481.0
760543	95.0
760544	613.0
760545	5635.0
760546	487.0
760548	8221.0
760549	7841.0
760550	527.0
760551	1866.0
760552	1717.0
760553	16174.0
760554	5917.0
760555	644.0
760556	2036.0
760557	3659.0
760560	131.0
760561	15071.0
760562	142.0
760563	2286.0
760564	2082.0
760565	684.0
760569	652.0
760570	1502.0
760574	10718.0
760575	392.0
760576	8934.0
760577	16613.0
760578	479.0
760579	663.0
760580	1896.0
760581	1563.0
760582	139.0
760583	14060.0
760584	5511.0
760586	8889.0
760587	6205.0
760588	318.0
760589	200.0
760590	72.0
760591	318.0
760592	4745.0
760593	13121.0
760594	472.0
760597	448.0
760598	2158.0
760599	105.0
760600	24.0
760601	3187.0
760602	2870.0
760603	2462.0
760604	351.0
760606	124.0
760607	186.0
760608	1010.0
760609	1751.0
760613	495.0
760614	3536.0
760616	169.0
760617	882.0
760618	5693.0
760619	3756.0
760620	1412.0
760621	450.0
760622	3781.0
760623	1610.0
760624	141.0
760625	1095.0
760626	67.0
760629	308.0
760630	40.0
760631	1837.0
760632	999.0
760633	1323.0
760634	8661.0
760635	320.0
760636	2154.0
760637	8840.0
760638	355.0
760639	1990.0
760640	11465.0
760641	4412.0
760642	1716.0
760643	2642.0
760644	1497.0
760645	3645.0
760646	918.0
760647	2076.0
760648	230.0
760649	809.0
760650	737.0
760652	88.0
760653	10523.0
760654	1986.0
760655	1872.0
760656	16546.0
760657	7192.0
760659	3177.0
760661	1417.0
760662	821.0
760663	471.0
760664	1858.0
760668	244.0
760669	766.0
760670	155.0
760675	633.0
760677	61.0
760681	559.0
760682	106.0
760686	831.0
760687	8330.0
760702	13151.0
760703	137.0
760705	34.0
760706	1998.0
760707	2780.0
760708	390.0
760711	1800.0
760716	1024.0
760718	72.0
760724	115.0
760725	26.0
760726	176.0
760730	538.0
760734	849.0
760735	416.0
760736	254.0
760738	144.0
760739	192.0
760750	1101.0
760752	671.0
760756	447.0
760757	646.0
760807	2759.0
760809	12298.0
760810	2736.0
760901	3417.0
760904	6720.0
760906	1029.0
760908	4390.0
760909	11412.0
760910	79.0
760912	5667.0
760913	365.0
760914	1220.0
760915	11670.0
760916	1855.0
760917	11077.0
760919	1594.0
760920	41525.0
760922	7924.0
760923	2343.0
760927	1766.0
760928	361.0
760929	764.0
760930	371.0
760931	8251.0
760932	1803.0
760933	1117.0
760934	1115.0
760935	1392.0
760936	2551.0
760938	2194.0
760941	1561.0
760942	3087.0
760943	3132.0
760944	196.0
760945	196.0
760948	4764.0
760949	301.0
760950	3202.0
760951	2129.0
760952	2184.0
760953	774.0
761002	285.0
761003	294.0
761004	214.0
761005	219.0
761006	161.0
761007	143.0
761008	94.0
761010	1472.0
761011	432.0
761101	49408.0
761102	641.0
761103	1731.0
761104	1180.0
761105	136.0
761106	290.0
761107	334.0
761108	278.0
761109	92.0
761110	116.0
761111	405.0
761112	2988.0
761113	76.0
761115	1103.0
761116	251.0
761117	349.0
770107	277.0
770131	525.0
780101	798.0
780102	3827.0
780103	690.0
780104	3875.0
780105	86.0
780107	2350.0
780109	208.0
780110	774.0
780111	844.0
780202	11621.0
780205	7511.0
780301	529.0
780303	130.0
780306	322.0
780401	331.0
780402	249.0
780403	1229.0
780404	2353.0
780405	2107.0
780406	840.0
780408	109.0
780409	700.0
780501	3542.0
780503	400.0
780504	8653.0
780505	1386.0
780506	1855.0
780507	76.0
780508	2380.0
780509	220.0
780510	17442.0
